t strain*1e23
-0.47275 -53.9
-0.4725 -54.5
-0.47226 -55.0
-0.47202 -55.4
-0.47177 -55.8
-0.47153 -56.1
-0.47128 -56.3
-0.47104 -56.5
-0.47079 -56.6
-0.47055 -56.6
-0.47031 -56.5
-0.47006 -56.4
-0.46982 -56.2
-0.46957 -55.9
-0.46933 -55.6
-0.46909 -55.2
-0.46884 -54.7
-0.4686 -54.1
-0.46835 -53.5
-0.46811 -52.8
-0.46786 -52.1
-0.46762 -51.3
-0.46738 -50.4
-0.46713 -49.4
-0.46689 -48.4
-0.46664 -47.4
-0.4664 -46.2
-0.46616 -45.0
-0.46591 -43.8
-0.46567 -42.5
-0.46542 -41.1
-0.46518 -39.7
-0.46494 -38.3
-0.46469 -36.8
-0.46445 -35.2
-0.4642 -33.6
-0.46396 -32.0
-0.46371 -30.3
-0.46347 -28.6
-0.46323 -26.8
-0.46298 -25.0
-0.46274 -23.2
-0.46249 -21.3
-0.46225 -19.5
-0.46201 -17.6
-0.46176 -15.6
-0.46152 -13.7
-0.46127 -11.7
-0.46103 -9.7
-0.46078 -7.7
-0.46054 -5.7
-0.4603 -3.7
-0.46005 -1.7
-0.45981 0.4
-0.45956 2.4
-0.45932 4.4
-0.45908 6.4
-0.45883 8.5
-0.45859 10.5
-0.45834 12.4
-0.4581 14.4
-0.45786 16.4
-0.45761 18.3
-0.45737 20.2
-0.45712 22.1
-0.45688 24.0
-0.45663 25.8
-0.45639 27.6
-0.45615 29.4
-0.4559 31.1
-0.45566 32.8
-0.45541 34.5
-0.45517 36.1
-0.45493 37.6
-0.45468 39.1
-0.45444 40.6
-0.45419 42.0
-0.45395 43.4
-0.4537 44.7
-0.45346 45.9
-0.45322 47.1
-0.45297 48.2
-0.45273 49.3
-0.45248 50.3
-0.45224 51.2
-0.452 52.1
-0.45175 52.9
-0.45151 53.7
-0.45126 54.3
-0.45102 54.9
-0.45078 55.5
-0.45053 55.9
-0.45029 56.3
-0.45004 56.6
-0.4498 56.9
-0.44955 57.0
-0.44931 57.1
-0.44907 57.2
-0.44882 57.1
-0.44858 57.0
-0.44833 56.8
-0.44809 56.5
-0.44785 56.2
-0.4476 55.7
-0.44736 55.3
-0.44711 54.7
-0.44687 54.1
-0.44662 53.4
-0.44638 52.6
-0.44614 51.7
-0.44589 50.8
-0.44565 49.9
-0.4454 48.8
-0.44516 47.7
-0.44492 46.5
-0.44467 45.3
-0.44443 44.0
-0.44418 42.7
-0.44394 41.3
-0.4437 39.8
-0.44345 38.3
-0.44321 36.7
-0.44296 35.1
-0.44272 33.5
-0.44247 31.8
-0.44223 30.0
-0.44199 28.3
-0.44174 26.4
-0.4415 24.6
-0.44125 22.7
-0.44101 20.8
-0.44077 18.8
-0.44052 16.9
-0.44028 14.9
-0.44003 12.9
-0.43979 10.8
-0.43954 8.8
-0.4393 6.7
-0.43906 4.6
-0.43881 2.6
-0.43857 0.5
-0.43832 -1.6
-0.43808 -3.7
-0.43784 -5.8
-0.43759 -7.8
-0.43735 -9.9
-0.4371 -11.9
-0.43686 -14.0
-0.43661 -16.0
-0.43637 -18.0
-0.43613 -20.0
-0.43588 -21.9
-0.43564 -23.8
-0.43539 -25.7
-0.43515 -27.6
-0.43491 -29.4
-0.43466 -31.2
-0.43442 -32.9
-0.43417 -34.6
-0.43393 -36.3
-0.43369 -37.9
-0.43344 -39.5
-0.4332 -41.0
-0.43295 -42.4
-0.43271 -43.8
-0.43246 -45.1
-0.43222 -46.4
-0.43198 -47.7
-0.43173 -48.8
-0.43149 -49.9
-0.43124 -50.9
-0.431 -51.9
-0.43076 -52.8
-0.43051 -53.6
-0.43027 -54.4
-0.43002 -55.0
-0.42978 -55.6
-0.42953 -56.2
-0.42929 -56.6
-0.42905 -57.0
-0.4288 -57.3
-0.42856 -57.6
-0.42831 -57.7
-0.42807 -57.8
-0.42783 -57.8
-0.42758 -57.7
-0.42734 -57.5
-0.42709 -57.3
-0.42685 -57.0
-0.42661 -56.6
-0.42636 -56.2
-0.42612 -55.6
-0.42587 -55.0
-0.42563 -54.3
-0.42538 -53.6
-0.42514 -52.7
-0.4249 -51.8
-0.42465 -50.9
-0.42441 -49.8
-0.42416 -48.7
-0.42392 -47.6
-0.42368 -46.3
-0.42343 -45.0
-0.42319 -43.7
-0.42294 -42.2
-0.4227 -40.8
-0.42245 -39.2
-0.42221 -37.6
-0.42197 -36.0
-0.42172 -34.3
-0.42148 -32.6
-0.42123 -30.8
-0.42099 -29.0
-0.42075 -27.1
-0.4205 -25.2
-0.42026 -23.3
-0.42001 -21.3
-0.41977 -19.3
-0.41953 -17.3
-0.41928 -15.2
-0.41904 -13.2
-0.41879 -11.1
-0.41855 -9.0
-0.4183 -6.9
-0.41806 -4.7
-0.41782 -2.6
-0.41757 -0.4
-0.41733 1.7
-0.41708 3.8
-0.41684 6.0
-0.4166 8.1
-0.41635 10.2
-0.41611 12.3
-0.41586 14.4
-0.41562 16.5
-0.41537 18.5
-0.41513 20.6
-0.41489 22.6
-0.41464 24.5
-0.4144 26.5
-0.41415 28.4
-0.41391 30.2
-0.41367 32.0
-0.41342 33.8
-0.41318 35.6
-0.41293 37.3
-0.41269 38.9
-0.41245 40.5
-0.4122 42.0
-0.41196 43.5
-0.41171 44.9
-0.41147 46.2
-0.41122 47.5
-0.41098 48.8
-0.41074 49.9
-0.41049 51.0
-0.41025 52.0
-0.41 53.0
-0.40976 53.9
-0.40952 54.7
-0.40927 55.4
-0.40903 56.0
-0.40878 56.6
-0.40854 57.1
-0.40829 57.5
-0.40805 57.9
-0.40781 58.1
-0.40756 58.3
-0.40732 58.4
-0.40707 58.4
-0.40683 58.4
-0.40659 58.2
-0.40634 58.0
-0.4061 57.7
-0.40585 57.3
-0.40561 56.9
-0.40536 56.3
-0.40512 55.7
-0.40488 55.0
-0.40463 54.2
-0.40439 53.4
-0.40414 52.5
-0.4039 51.5
-0.40366 50.4
-0.40341 49.3
-0.40317 48.1
-0.40292 46.8
-0.40268 45.4
-0.40244 44.0
-0.40219 42.6
-0.40195 41.0
-0.4017 39.5
-0.40146 37.8
-0.40121 36.1
-0.40097 34.4
-0.40073 32.6
-0.40048 30.7
-0.40024 28.9
-0.39999 26.9
-0.39975 25.0
-0.39951 23.0
-0.39926 20.9
-0.39902 18.9
-0.39877 16.8
-0.39853 14.7
-0.39828 12.5
-0.39804 10.4
-0.3978 8.2
-0.39755 6.0
-0.39731 3.8
-0.39706 1.6
-0.39682 -0.6
-0.39658 -2.8
-0.39633 -5.0
-0.39609 -7.2
-0.39584 -9.4
-0.3956 -11.5
-0.39536 -13.7
-0.39511 -15.8
-0.39487 -18.0
-0.39462 -20.1
-0.39438 -22.1
-0.39413 -24.2
-0.39389 -26.2
-0.39365 -28.1
-0.3934 -30.1
-0.39316 -32.0
-0.39291 -33.8
-0.39267 -35.6
-0.39243 -37.3
-0.39218 -39.0
-0.39194 -40.7
-0.39169 -42.3
-0.39145 -43.8
-0.3912 -45.2
-0.39096 -46.6
-0.39072 -48.0
-0.39047 -49.2
-0.39023 -50.4
-0.38998 -51.6
-0.38974 -52.6
-0.3895 -53.6
-0.38925 -54.5
-0.38901 -55.3
-0.38876 -56.1
-0.38852 -56.7
-0.38828 -57.3
-0.38803 -57.8
-0.38779 -58.3
-0.38754 -58.6
-0.3873 -58.9
-0.38705 -59.0
-0.38681 -59.1
-0.38657 -59.1
-0.38632 -59.0
-0.38608 -58.9
-0.38583 -58.6
-0.38559 -58.3
-0.38535 -57.9
-0.3851 -57.4
-0.38486 -56.8
-0.38461 -56.1
-0.38437 -55.4
-0.38412 -54.5
-0.38388 -53.6
-0.38364 -52.7
-0.38339 -51.6
-0.38315 -50.5
-0.3829 -49.2
-0.38266 -48.0
-0.38242 -46.6
-0.38217 -45.2
-0.38193 -43.7
-0.38168 -42.2
-0.38144 -40.6
-0.3812 -38.9
-0.38095 -37.2
-0.38071 -35.4
-0.38046 -33.6
-0.38022 -31.7
-0.37997 -29.8
-0.37973 -27.8
-0.37949 -25.8
-0.37924 -23.7
-0.379 -21.6
-0.37875 -19.5
-0.37851 -17.4
-0.37827 -15.2
-0.37802 -13.0
-0.37778 -10.8
-0.37753 -8.5
-0.37729 -6.3
-0.37704 -4.0
-0.3768 -1.8
-0.37656 0.5
-0.37631 2.8
-0.37607 5.0
-0.37582 7.3
-0.37558 9.6
-0.37534 11.8
-0.37509 14.0
-0.37485 16.2
-0.3746 18.4
-0.37436 20.6
-0.37411 22.7
-0.37387 24.8
-0.37363 26.8
-0.37338 28.9
-0.37314 30.8
-0.37289 32.8
-0.37265 34.7
-0.37241 36.5
-0.37216 38.3
-0.37192 40.0
-0.37167 41.7
-0.37143 43.3
-0.37119 44.8
-0.37094 46.3
-0.3707 47.7
-0.37045 49.1
-0.37021 50.4
-0.36996 51.6
-0.36972 52.7
-0.36948 53.7
-0.36923 54.7
-0.36899 55.6
-0.36874 56.4
-0.3685 57.1
-0.36826 57.8
-0.36801 58.3
-0.36777 58.8
-0.36752 59.2
-0.36728 59.5
-0.36703 59.7
-0.36679 59.8
-0.36655 59.8
-0.3663 59.8
-0.36606 59.6
-0.36581 59.4
-0.36557 59.1
-0.36533 58.7
-0.36508 58.2
-0.36484 57.6
-0.36459 56.9
-0.36435 56.1
-0.36411 55.3
-0.36386 54.4
-0.36362 53.4
-0.36337 52.3
-0.36313 51.1
-0.36288 49.9
-0.36264 48.5
-0.3624 47.2
-0.36215 45.7
-0.36191 44.2
-0.36166 42.6
-0.36142 40.9
-0.36118 39.2
-0.36093 37.4
-0.36069 35.5
-0.36044 33.7
-0.3602 31.7
-0.35995 29.7
-0.35971 27.7
-0.35947 25.6
-0.35922 23.5
-0.35898 21.3
-0.35873 19.1
-0.35849 16.9
-0.35825 14.6
-0.358 12.3
-0.35776 10.1
-0.35751 7.7
-0.35727 5.4
-0.35703 3.1
-0.35678 0.7
-0.35654 -1.6
-0.35629 -3.9
-0.35605 -6.3
-0.3558 -8.6
-0.35556 -10.9
-0.35532 -13.2
-0.35507 -15.5
-0.35483 -17.8
-0.35458 -20.0
-0.35434 -22.2
-0.3541 -24.4
-0.35385 -26.5
-0.35361 -28.6
-0.35336 -30.6
-0.35312 -32.7
-0.35287 -34.6
-0.35263 -36.5
-0.35239 -38.4
-0.35214 -40.2
-0.3519 -41.9
-0.35165 -43.6
-0.35141 -45.2
-0.35117 -46.7
-0.35092 -48.2
-0.35068 -49.6
-0.35043 -50.9
-0.35019 -52.2
-0.34995 -53.3
-0.3497 -54.4
-0.34946 -55.4
-0.34921 -56.3
-0.34897 -57.2
-0.34872 -57.9
-0.34848 -58.6
-0.34824 -59.1
-0.34799 -59.6
-0.34775 -60.0
-0.3475 -60.3
-0.34726 -60.5
-0.34702 -60.6
-0.34677 -60.6
-0.34653 -60.5
-0.34628 -60.3
-0.34604 -60.1
-0.34579 -59.7
-0.34555 -59.2
-0.34531 -58.7
-0.34506 -58.1
-0.34482 -57.3
-0.34457 -56.5
-0.34433 -55.6
-0.34409 -54.6
-0.34384 -53.5
-0.3436 -52.4
-0.34335 -51.1
-0.34311 -49.8
-0.34286 -48.4
-0.34262 -46.9
-0.34238 -45.4
-0.34213 -43.8
-0.34189 -42.1
-0.34164 -40.3
-0.3414 -38.5
-0.34116 -36.6
-0.34091 -34.7
-0.34067 -32.7
-0.34042 -30.6
-0.34018 -28.5
-0.33994 -26.4
-0.33969 -24.2
-0.33945 -22.0
-0.3392 -19.7
-0.33896 -17.4
-0.33871 -15.1
-0.33847 -12.8
-0.33823 -10.4
-0.33798 -8.0
-0.33774 -5.6
-0.33749 -3.2
-0.33725 -0.8
-0.33701 1.6
-0.33676 4.0
-0.33652 6.4
-0.33627 8.8
-0.33603 11.2
-0.33578 13.6
-0.33554 15.9
-0.3353 18.3
-0.33505 20.6
-0.33481 22.9
-0.33456 25.1
-0.33432 27.3
-0.33408 29.4
-0.33383 31.6
-0.33359 33.6
-0.33334 35.6
-0.3331 37.6
-0.33286 39.5
-0.33261 41.3
-0.33237 43.1
-0.33212 44.8
-0.33188 46.4
-0.33163 48.0
-0.33139 49.5
-0.33115 50.9
-0.3309 52.2
-0.33066 53.4
-0.33041 54.6
-0.33017 55.7
-0.32993 56.7
-0.32968 57.6
-0.32944 58.4
-0.32919 59.1
-0.32895 59.7
-0.3287 60.2
-0.32846 60.6
-0.32822 61.0
-0.32797 61.2
-0.32773 61.3
-0.32748 61.4
-0.32724 61.3
-0.327 61.1
-0.32675 60.9
-0.32651 60.5
-0.32626 60.1
-0.32602 59.5
-0.32578 58.9
-0.32553 58.1
-0.32529 57.3
-0.32504 56.4
-0.3248 55.4
-0.32455 54.2
-0.32431 53.0
-0.32407 51.8
-0.32382 50.4
-0.32358 48.9
-0.32333 47.4
-0.32309 45.8
-0.32285 44.1
-0.3226 42.4
-0.32236 40.5
-0.32211 38.6
-0.32187 36.7
-0.32162 34.7
-0.32138 32.6
-0.32114 30.5
-0.32089 28.3
-0.32065 26.1
-0.3204 23.8
-0.32016 21.5
-0.31992 19.1
-0.31967 16.7
-0.31943 14.3
-0.31918 11.9
-0.31894 9.5
-0.3187 7.0
-0.31845 4.5
-0.31821 2.0
-0.31796 -0.5
-0.31772 -3.0
-0.31747 -5.5
-0.31723 -8.0
-0.31699 -10.5
-0.31674 -12.9
-0.3165 -15.4
-0.31625 -17.8
-0.31601 -20.2
-0.31577 -22.5
-0.31552 -24.8
-0.31528 -27.1
-0.31503 -29.4
-0.31479 -31.6
-0.31454 -33.7
-0.3143 -35.8
-0.31406 -37.8
-0.31381 -39.8
-0.31357 -41.7
-0.31332 -43.5
-0.31308 -45.3
-0.31284 -47.0
-0.31259 -48.6
-0.31235 -50.1
-0.3121 -51.6
-0.31186 -53.0
-0.31161 -54.2
-0.31137 -55.4
-0.31113 -56.5
-0.31088 -57.5
-0.31064 -58.5
-0.31039 -59.3
-0.31015 -60.0
-0.30991 -60.6
-0.30966 -61.1
-0.30942 -61.5
-0.30917 -61.9
-0.30893 -62.1
-0.30869 -62.2
-0.30844 -62.2
-0.3082 -62.1
-0.30795 -61.9
-0.30771 -61.6
-0.30746 -61.2
-0.30722 -60.7
-0.30698 -60.0
-0.30673 -59.3
-0.30649 -58.5
-0.30624 -57.6
-0.306 -56.6
-0.30576 -55.5
-0.30551 -54.3
-0.30527 -53.0
-0.30502 -51.6
-0.30478 -50.1
-0.30453 -48.6
-0.30429 -46.9
-0.30405 -45.2
-0.3038 -43.4
-0.30356 -41.6
-0.30331 -39.6
-0.30307 -37.6
-0.30283 -35.5
-0.30258 -33.4
-0.30234 -31.2
-0.30209 -29.0
-0.30185 -26.7
-0.30161 -24.3
-0.30136 -21.9
-0.30112 -19.5
-0.30087 -17.0
-0.30063 -14.5
-0.30038 -12.0
-0.30014 -9.5
-0.2999 -6.9
-0.29965 -4.4
-0.29941 -1.8
-0.29916 0.8
-0.29892 3.4
-0.29868 6.0
-0.29843 8.5
-0.29819 11.1
-0.29794 13.7
-0.2977 16.2
-0.29745 18.7
-0.29721 21.1
-0.29697 23.6
-0.29672 26.0
-0.29648 28.3
-0.29623 30.6
-0.29599 32.9
-0.29575 35.0
-0.2955 37.2
-0.29526 39.3
-0.29501 41.3
-0.29477 43.2
-0.29453 45.1
-0.29428 46.9
-0.29404 48.6
-0.29379 50.2
-0.29355 51.7
-0.2933 53.2
-0.29306 54.5
-0.29282 55.8
-0.29257 57.0
-0.29233 58.1
-0.29208 59.0
-0.29184 59.9
-0.2916 60.7
-0.29135 61.3
-0.29111 61.9
-0.29086 62.3
-0.29062 62.7
-0.29037 62.9
-0.29013 63.0
-0.28989 63.1
-0.28964 63.0
-0.2894 62.8
-0.28915 62.5
-0.28891 62.0
-0.28867 61.5
-0.28842 60.9
-0.28818 60.1
-0.28793 59.3
-0.28769 58.3
-0.28745 57.2
-0.2872 56.1
-0.28696 54.8
-0.28671 53.5
-0.28647 52.0
-0.28622 50.5
-0.28598 48.8
-0.28574 47.1
-0.28549 45.3
-0.28525 43.4
-0.285 41.5
-0.28476 39.4
-0.28452 37.3
-0.28427 35.1
-0.28403 32.9
-0.28378 30.6
-0.28354 28.2
-0.28329 25.8
-0.28305 23.4
-0.28281 20.9
-0.28256 18.4
-0.28232 15.8
-0.28207 13.2
-0.28183 10.6
-0.28159 7.9
-0.28134 5.3
-0.2811 2.6
-0.28085 0.0
-0.28061 -2.8
-0.28036 -5.5
-0.28012 -8.1
-0.27988 -10.8
-0.27963 -13.4
-0.27939 -16.0
-0.27914 -18.6
-0.2789 -21.2
-0.27866 -23.7
-0.27841 -26.2
-0.27817 -28.6
-0.27792 -31.0
-0.27768 -33.3
-0.27744 -35.6
-0.27719 -37.8
-0.27695 -40.0
-0.2767 -42.1
-0.27646 -44.1
-0.27621 -46.0
-0.27597 -47.8
-0.27573 -49.6
-0.27548 -51.3
-0.27524 -52.8
-0.27499 -54.3
-0.27475 -55.7
-0.27451 -57.0
-0.27426 -58.2
-0.27402 -59.3
-0.27377 -60.2
-0.27353 -61.1
-0.27328 -61.8
-0.27304 -62.5
-0.2728 -63.0
-0.27255 -63.4
-0.27231 -63.7
-0.27206 -63.9
-0.27182 -64.0
-0.27158 -63.9
-0.27133 -63.8
-0.27109 -63.5
-0.27084 -63.1
-0.2706 -62.6
-0.27036 -62.0
-0.27011 -61.2
-0.26987 -60.4
-0.26962 -59.4
-0.26938 -58.3
-0.26913 -57.2
-0.26889 -55.9
-0.26865 -54.5
-0.2684 -53.0
-0.26816 -51.4
-0.26791 -49.7
-0.26767 -48.0
-0.26743 -46.1
-0.26718 -44.1
-0.26694 -42.1
-0.26669 -40.0
-0.26645 -37.8
-0.2662 -35.5
-0.26596 -33.2
-0.26572 -30.8
-0.26547 -28.4
-0.26523 -25.9
-0.26498 -23.3
-0.26474 -20.7
-0.2645 -18.1
-0.26425 -15.4
-0.26401 -12.7
-0.26376 -10.0
-0.26352 -7.2
-0.26328 -4.4
-0.26303 -1.7
-0.26279 1.1
-0.26254 3.9
-0.2623 6.7
-0.26205 9.4
-0.26181 12.2
-0.26157 14.9
-0.26132 17.6
-0.26108 20.3
-0.26083 22.9
-0.26059 25.5
-0.26035 28.1
-0.2601 30.6
-0.25986 33.0
-0.25961 35.4
-0.25937 37.7
-0.25912 40.0
-0.25888 42.2
-0.25864 44.2
-0.25839 46.3
-0.25815 48.2
-0.2579 50.0
-0.25766 51.8
-0.25742 53.4
-0.25717 55.0
-0.25693 56.4
-0.25668 57.8
-0.25644 59.0
-0.2562 60.1
-0.25595 61.2
-0.25571 62.1
-0.25546 62.8
-0.25522 63.5
-0.25497 64.0
-0.25473 64.5
-0.25449 64.7
-0.25424 64.9
-0.254 65.0
-0.25375 64.9
-0.25351 64.7
-0.25327 64.4
-0.25302 63.9
-0.25278 63.4
-0.25253 62.7
-0.25229 61.9
-0.25204 60.9
-0.2518 59.9
-0.25156 58.7
-0.25131 57.5
-0.25107 56.1
-0.25082 54.6
-0.25058 53.0
-0.25034 51.3
-0.25009 49.5
-0.24985 47.6
-0.2496 45.6
-0.24936 43.5
-0.24911 41.3
-0.24887 39.1
-0.24863 36.7
-0.24838 34.3
-0.24814 31.9
-0.24789 29.3
-0.24765 26.7
-0.24741 24.1
-0.24716 21.4
-0.24692 18.7
-0.24667 15.9
-0.24643 13.1
-0.24619 10.2
-0.24594 7.4
-0.2457 4.5
-0.24545 1.6
-0.24521 -1.3
-0.24496 -4.2
-0.24472 -7.1
-0.24448 -9.9
-0.24423 -12.8
-0.24399 -15.6
-0.24374 -18.4
-0.2435 -21.2
-0.24326 -23.9
-0.24301 -26.6
-0.24277 -29.3
-0.24252 -31.8
-0.24228 -34.4
-0.24203 -36.8
-0.24179 -39.2
-0.24155 -41.5
-0.2413 -43.8
-0.24106 -45.9
-0.24081 -48.0
-0.24057 -49.9
-0.24033 -51.8
-0.24008 -53.6
-0.23984 -55.2
-0.23959 -56.8
-0.23935 -58.2
-0.23911 -59.5
-0.23886 -60.7
-0.23862 -61.8
-0.23837 -62.8
-0.23813 -63.6
-0.23788 -64.4
-0.23764 -65.0
-0.2374 -65.4
-0.23715 -65.7
-0.23691 -65.9
-0.23666 -66.0
-0.23642 -66.0
-0.23618 -65.8
-0.23593 -65.4
-0.23569 -65.0
-0.23544 -64.4
-0.2352 -63.7
-0.23495 -62.8
-0.23471 -61.8
-0.23447 -60.7
-0.23422 -59.5
-0.23398 -58.2
-0.23373 -56.7
-0.23349 -55.1
-0.23325 -53.4
-0.233 -51.6
-0.23276 -49.7
-0.23251 -47.7
-0.23227 -45.6
-0.23203 -43.4
-0.23178 -41.1
-0.23154 -38.7
-0.23129 -36.3
-0.23105 -33.8
-0.2308 -31.2
-0.23056 -28.5
-0.23032 -25.8
-0.23007 -23.0
-0.22983 -20.1
-0.22958 -17.3
-0.22934 -14.4
-0.2291 -11.4
-0.22885 -8.4
-0.22861 -5.4
-0.22836 -2.4
-0.22812 0.6
-0.22787 3.6
-0.22763 6.6
-0.22739 9.6
-0.22714 12.6
-0.2269 15.5
-0.22665 18.5
-0.22641 21.4
-0.22617 24.2
-0.22592 27.0
-0.22568 29.8
-0.22543 32.5
-0.22519 35.1
-0.22495 37.6
-0.2247 40.1
-0.22446 42.5
-0.22421 44.8
-0.22397 47.0
-0.22372 49.2
-0.22348 51.2
-0.22324 53.1
-0.22299 54.9
-0.22275 56.6
-0.2225 58.2
-0.22226 59.7
-0.22202 61.0
-0.22177 62.2
-0.22153 63.3
-0.22128 64.3
-0.22104 65.1
-0.22079 65.8
-0.22055 66.3
-0.22031 66.7
-0.22006 67.0
-0.21982 67.1
-0.21957 67.1
-0.21933 66.9
-0.21909 66.6
-0.21884 66.2
-0.2186 65.6
-0.21835 64.9
-0.21811 64.1
-0.21786 63.1
-0.21762 61.9
-0.21738 60.7
-0.21713 59.3
-0.21689 57.8
-0.21664 56.1
-0.2164 54.4
-0.21616 52.5
-0.21591 50.5
-0.21567 48.4
-0.21542 46.2
-0.21518 43.9
-0.21494 41.5
-0.21469 39.0
-0.21445 36.5
-0.2142 33.8
-0.21396 31.1
-0.21371 28.3
-0.21347 25.4
-0.21323 22.5
-0.21298 19.5
-0.21274 16.5
-0.21249 13.4
-0.21225 10.3
-0.21201 7.2
-0.21176 4.1
-0.21152 1.0
-0.21127 -2.2
-0.21103 -5.3
-0.21078 -8.5
-0.21054 -11.6
-0.2103 -14.7
-0.21005 -17.7
-0.20981 -20.8
-0.20956 -23.8
-0.20932 -26.7
-0.20908 -29.6
-0.20883 -32.4
-0.20859 -35.2
-0.20834 -37.9
-0.2081 -40.5
-0.20786 -43.0
-0.20761 -45.4
-0.20737 -47.7
-0.20712 -50.0
-0.20688 -52.1
-0.20663 -54.1
-0.20639 -56.0
-0.20615 -57.8
-0.2059 -59.4
-0.20566 -60.9
-0.20541 -62.3
-0.20517 -63.5
-0.20493 -64.6
-0.20468 -65.6
-0.20444 -66.4
-0.20419 -67.1
-0.20395 -67.6
-0.2037 -68.0
-0.20346 -68.2
-0.20322 -68.3
-0.20297 -68.2
-0.20273 -68.0
-0.20248 -67.6
-0.20224 -67.1
-0.202 -66.4
-0.20175 -65.6
-0.20151 -64.6
-0.20126 -63.5
-0.20102 -62.2
-0.20078 -60.8
-0.20053 -59.3
-0.20029 -57.6
-0.20004 -55.8
-0.1998 -53.9
-0.19955 -51.8
-0.19931 -49.7
-0.19907 -47.4
-0.19882 -45.0
-0.19858 -42.5
-0.19833 -39.9
-0.19809 -37.2
-0.19785 -34.4
-0.1976 -31.6
-0.19736 -28.6
-0.19711 -25.6
-0.19687 -22.6
-0.19662 -19.5
-0.19638 -16.3
-0.19614 -13.1
-0.19589 -9.9
-0.19565 -6.6
-0.1954 -3.3
-0.19516 0.0
-0.19492 3.3
-0.19467 6.5
-0.19443 9.8
-0.19418 13.1
-0.19394 16.3
-0.1937 19.5
-0.19345 22.7
-0.19321 25.8
-0.19296 28.8
-0.19272 31.8
-0.19247 34.7
-0.19223 37.6
-0.19199 40.3
-0.19174 43.0
-0.1915 45.5
-0.19125 48.0
-0.19101 50.4
-0.19077 52.6
-0.19052 54.7
-0.19028 56.7
-0.19003 58.6
-0.18979 60.3
-0.18954 61.9
-0.1893 63.4
-0.18906 64.7
-0.18881 65.9
-0.18857 66.9
-0.18832 67.7
-0.18808 68.4
-0.18784 69.0
-0.18759 69.3
-0.18735 69.5
-0.1871 69.6
-0.18686 69.5
-0.18661 69.2
-0.18637 68.8
-0.18613 68.2
-0.18588 67.4
-0.18564 66.5
-0.18539 65.4
-0.18515 64.2
-0.18491 62.8
-0.18466 61.2
-0.18442 59.5
-0.18417 57.7
-0.18393 55.7
-0.18369 53.6
-0.18344 51.4
-0.1832 49.1
-0.18295 46.6
-0.18271 44.0
-0.18246 41.3
-0.18222 38.5
-0.18198 35.6
-0.18173 32.6
-0.18149 29.6
-0.18124 26.4
-0.181 23.2
-0.18076 20.0
-0.18051 16.6
-0.18027 13.3
-0.18002 9.9
-0.17978 6.5
-0.17953 3.0
-0.17929 -0.4
-0.17905 -3.9
-0.1788 -7.3
-0.17856 -10.8
-0.17831 -14.2
-0.17807 -17.6
-0.17783 -20.9
-0.17758 -24.2
-0.17734 -27.4
-0.17709 -30.6
-0.17685 -33.7
-0.17661 -36.7
-0.17636 -39.7
-0.17612 -42.5
-0.17587 -45.3
-0.17563 -47.9
-0.17538 -50.4
-0.17514 -52.8
-0.1749 -55.1
-0.17465 -57.2
-0.17441 -59.3
-0.17416 -61.1
-0.17392 -62.8
-0.17368 -64.4
-0.17343 -65.8
-0.17319 -67.0
-0.17294 -68.1
-0.1727 -69.0
-0.17245 -69.7
-0.17221 -70.3
-0.17197 -70.7
-0.17172 -70.9
-0.17148 -71.0
-0.17123 -70.8
-0.17099 -70.5
-0.17075 -70.0
-0.1705 -69.4
-0.17026 -68.5
-0.17001 -67.5
-0.16977 -66.3
-0.16953 -65.0
-0.16928 -63.5
-0.16904 -61.8
-0.16879 -60.0
-0.16855 -58.0
-0.1683 -55.8
-0.16806 -53.6
-0.16782 -51.2
-0.16757 -48.6
-0.16733 -45.9
-0.16708 -43.1
-0.16684 -40.2
-0.1666 -37.2
-0.16635 -34.1
-0.16611 -30.9
-0.16586 -27.6
-0.16562 -24.3
-0.16537 -20.9
-0.16513 -17.4
-0.16489 -13.9
-0.16464 -10.3
-0.1644 -6.7
-0.16415 -3.1
-0.16391 0.5
-0.16367 4.2
-0.16342 7.8
-0.16318 11.4
-0.16293 15.0
-0.16269 18.5
-0.16245 22.1
-0.1622 25.5
-0.16196 28.9
-0.16171 32.2
-0.16147 35.5
-0.16122 38.6
-0.16098 41.7
-0.16074 44.6
-0.16049 47.5
-0.16025 50.2
-0.16 52.8
-0.15976 55.2
-0.15952 57.6
-0.15927 59.7
-0.15903 61.7
-0.15878 63.6
-0.15854 65.3
-0.15829 66.8
-0.15805 68.2
-0.15781 69.3
-0.15756 70.3
-0.15732 71.1
-0.15707 71.7
-0.15683 72.2
-0.15659 72.4
-0.15634 72.5
-0.1561 72.3
-0.15585 72.0
-0.15561 71.4
-0.15536 70.7
-0.15512 69.8
-0.15488 68.7
-0.15463 67.4
-0.15439 66.0
-0.15414 64.3
-0.1539 62.5
-0.15366 60.5
-0.15341 58.4
-0.15317 56.1
-0.15292 53.6
-0.15268 51.0
-0.15244 48.3
-0.15219 45.4
-0.15195 42.4
-0.1517 39.2
-0.15146 36.0
-0.15121 32.6
-0.15097 29.2
-0.15073 25.7
-0.15048 22.1
-0.15024 18.4
-0.14999 14.7
-0.14975 11.0
-0.14951 7.2
-0.14926 3.4
-0.14902 -0.5
-0.14877 -4.3
-0.14853 -8.1
-0.14828 -11.9
-0.14804 -15.7
-0.1478 -19.5
-0.14755 -23.2
-0.14731 -26.8
-0.14706 -30.4
-0.14682 -33.9
-0.14658 -37.3
-0.14633 -40.6
-0.14609 -43.7
-0.14584 -46.8
-0.1456 -49.8
-0.14536 -52.6
-0.14511 -55.3
-0.14487 -57.8
-0.14462 -60.1
-0.14438 -62.3
-0.14413 -64.4
-0.14389 -66.2
-0.14365 -67.9
-0.1434 -69.4
-0.14316 -70.6
-0.14291 -71.7
-0.14267 -72.6
-0.14243 -73.3
-0.14218 -73.8
-0.14194 -74.0
-0.14169 -74.1
-0.14145 -73.9
-0.1412 -73.6
-0.14096 -73.0
-0.14072 -72.2
-0.14047 -71.2
-0.14023 -70.1
-0.13998 -68.7
-0.13974 -67.1
-0.1395 -65.3
-0.13925 -63.3
-0.13901 -61.1
-0.13876 -58.8
-0.13852 -56.3
-0.13828 -53.6
-0.13803 -50.8
-0.13779 -47.8
-0.13754 -44.7
-0.1373 -41.4
-0.13705 -38.0
-0.13681 -34.5
-0.13657 -30.9
-0.13632 -27.2
-0.13608 -23.4
-0.13583 -19.6
-0.13559 -15.7
-0.13535 -11.7
-0.1351 -7.7
-0.13486 -3.6
-0.13461 0.4
-0.13437 4.5
-0.13412 8.5
-0.13388 12.6
-0.13364 16.6
-0.13339 20.5
-0.13315 24.5
-0.1329 28.3
-0.13266 32.1
-0.13242 35.7
-0.13217 39.3
-0.13193 42.8
-0.13168 46.1
-0.13144 49.3
-0.1312 52.4
-0.13095 55.3
-0.13071 58.0
-0.13046 60.6
-0.13022 63.0
-0.12997 65.2
-0.12973 67.2
-0.12949 69.1
-0.12924 70.7
-0.129 72.1
-0.12875 73.3
-0.12851 74.3
-0.12827 75.0
-0.12802 75.5
-0.12778 75.8
-0.12753 75.9
-0.12729 75.7
-0.12704 75.3
-0.1268 74.7
-0.12656 73.8
-0.12631 72.7
-0.12607 71.4
-0.12582 69.9
-0.12558 68.1
-0.12534 66.2
-0.12509 64.0
-0.12485 61.6
-0.1246 59.1
-0.12436 56.3
-0.12411 53.4
-0.12387 50.3
-0.12363 47.0
-0.12338 43.6
-0.12314 40.1
-0.12289 36.4
-0.12265 32.6
-0.12241 28.6
-0.12216 24.6
-0.12192 20.5
-0.12167 16.4
-0.12143 12.2
-0.12119 7.9
-0.12094 3.6
-0.1207 -0.7
-0.12045 -5.0
-0.12021 -9.4
-0.11996 -13.6
-0.11972 -17.9
-0.11948 -22.1
-0.11923 -26.2
-0.11899 -30.3
-0.11874 -34.3
-0.1185 -38.2
-0.11826 -41.9
-0.11801 -45.5
-0.11777 -49.0
-0.11752 -52.4
-0.11728 -55.5
-0.11703 -58.5
-0.11679 -61.3
-0.11655 -63.9
-0.1163 -66.4
-0.11606 -68.6
-0.11581 -70.6
-0.11557 -72.3
-0.11533 -73.8
-0.11508 -75.1
-0.11484 -76.2
-0.11459 -77.0
-0.11435 -77.5
-0.11411 -77.8
-0.11386 -77.8
-0.11362 -77.6
-0.11337 -77.2
-0.11313 -76.4
-0.11288 -75.4
-0.11264 -74.2
-0.1124 -72.7
-0.11215 -71.0
-0.11191 -69.0
-0.11166 -66.8
-0.11142 -64.4
-0.11118 -61.7
-0.11093 -58.9
-0.11069 -55.8
-0.11044 -52.6
-0.1102 -49.1
-0.10995 -45.5
-0.10971 -41.8
-0.10947 -37.8
-0.10922 -33.8
-0.10898 -29.6
-0.10873 -25.3
-0.10849 -21.0
-0.10825 -16.5
-0.108 -12.0
-0.10776 -7.4
-0.10751 -2.8
-0.10727 1.8
-0.10703 6.4
-0.10678 11.0
-0.10654 15.6
-0.10629 20.1
-0.10605 24.6
-0.1058 29.0
-0.10556 33.3
-0.10532 37.5
-0.10507 41.6
-0.10483 45.5
-0.10458 49.3
-0.10434 52.9
-0.1041 56.3
-0.10385 59.6
-0.10361 62.6
-0.10336 65.5
-0.10312 68.1
-0.10287 70.4
-0.10263 72.6
-0.10239 74.5
-0.10214 76.1
-0.1019 77.4
-0.10165 78.5
-0.10141 79.3
-0.10117 79.8
-0.10092 80.1
-0.10068 80.0
-0.10043 79.7
-0.10019 79.0
-0.09995 78.1
-0.0997 76.9
-0.09946 75.5
-0.09921 73.7
-0.09897 71.7
-0.09872 69.4
-0.09848 66.9
-0.09824 64.1
-0.09799 61.1
-0.09775 57.8
-0.0975 54.3
-0.09726 50.7
-0.09702 46.8
-0.09677 42.7
-0.09653 38.5
-0.09628 34.2
-0.09604 29.7
-0.09579 25.0
-0.09555 20.3
-0.09531 15.5
-0.09506 10.6
-0.09482 5.7
-0.09457 0.8
-0.09433 -4.2
-0.09409 -9.2
-0.09384 -14.1
-0.0936 -19.0
-0.09335 -23.9
-0.09311 -28.6
-0.09286 -33.3
-0.09262 -37.8
-0.09238 -42.2
-0.09213 -46.5
-0.09189 -50.6
-0.09164 -54.5
-0.0914 -58.2
-0.09116 -61.7
-0.09091 -64.9
-0.09067 -68.0
-0.09042 -70.7
-0.09018 -73.2
-0.08994 -75.4
-0.08969 -77.4
-0.08945 -79.0
-0.0892 -80.3
-0.08896 -81.4
-0.08871 -82.1
-0.08847 -82.5
-0.08823 -82.5
-0.08798 -82.3
-0.08774 -81.7
-0.08749 -80.8
-0.08725 -79.6
-0.08701 -78.0
-0.08676 -76.2
-0.08652 -74.0
-0.08627 -71.6
-0.08603 -68.8
-0.08578 -65.8
-0.08554 -62.5
-0.0853 -58.9
-0.08505 -55.1
-0.08481 -51.1
-0.08456 -46.8
-0.08432 -42.4
-0.08408 -37.8
-0.08383 -33.0
-0.08359 -28.0
-0.08334 -23.0
-0.0831 -17.8
-0.08286 -12.5
-0.08261 -7.2
-0.08237 -1.8
-0.08212 3.5
-0.08188 8.9
-0.08163 14.3
-0.08139 19.6
-0.08115 24.8
-0.0809 30.0
-0.08066 35.0
-0.08041 39.9
-0.08017 44.7
-0.07993 49.3
-0.07968 53.6
-0.07944 57.8
-0.07919 61.7
-0.07895 65.4
-0.0787 68.8
-0.07846 72.0
-0.07822 74.8
-0.07797 77.3
-0.07773 79.5
-0.07748 81.4
-0.07724 82.9
-0.077 84.0
-0.07675 84.8
-0.07651 85.3
-0.07626 85.4
-0.07602 85.1
-0.07578 84.4
-0.07553 83.3
-0.07529 81.9
-0.07504 80.2
-0.0748 78.0
-0.07455 75.6
-0.07431 72.8
-0.07407 69.6
-0.07382 66.2
-0.07358 62.4
-0.07333 58.3
-0.07309 54.0
-0.07285 49.5
-0.0726 44.6
-0.07236 39.6
-0.07211 34.4
-0.07187 29.0
-0.07162 23.5
-0.07138 17.8
-0.07114 12.1
-0.07089 6.3
-0.07065 0.4
-0.0704 -5.5
-0.07016 -11.3
-0.06992 -17.2
-0.06967 -23.0
-0.06943 -28.6
-0.06918 -34.2
-0.06894 -39.6
-0.0687 -44.9
-0.06845 -50.0
-0.06821 -54.8
-0.06796 -59.4
-0.06772 -63.7
-0.06747 -67.8
-0.06723 -71.5
-0.06699 -74.9
-0.06674 -78.0
-0.0665 -80.7
-0.06625 -83.0
-0.06601 -85.0
-0.06577 -86.5
-0.06552 -87.6
-0.06528 -88.3
-0.06503 -88.6
-0.06479 -88.5
-0.06454 -87.9
-0.0643 -86.9
-0.06406 -85.4
-0.06381 -83.6
-0.06357 -81.3
-0.06332 -78.6
-0.06308 -75.5
-0.06284 -72.1
-0.06259 -68.2
-0.06235 -64.0
-0.0621 -59.5
-0.06186 -54.7
-0.06161 -49.6
-0.06137 -44.2
-0.06113 -38.5
-0.06088 -32.7
-0.06064 -26.7
-0.06039 -20.5
-0.06015 -14.2
-0.05991 -7.8
-0.05966 -1.3
-0.05942 5.2
-0.05917 11.7
-0.05893 18.1
-0.05869 24.5
-0.05844 30.8
-0.0582 36.9
-0.05795 42.9
-0.05771 48.6
-0.05746 54.2
-0.05722 59.4
-0.05698 64.4
-0.05673 69.0
-0.05649 73.3
-0.05624 77.2
-0.056 80.7
-0.05576 83.8
-0.05551 86.4
-0.05527 88.6
-0.05502 90.3
-0.05478 91.5
-0.05453 92.2
-0.05429 92.4
-0.05405 92.2
-0.0538 91.4
-0.05356 90.0
-0.05331 88.2
-0.05307 85.9
-0.05283 83.1
-0.05258 79.8
-0.05234 76.1
-0.05209 71.9
-0.05185 67.3
-0.05161 62.3
-0.05136 56.9
-0.05112 51.2
-0.05087 45.1
-0.05063 38.8
-0.05038 32.2
-0.05014 25.4
-0.0499 18.4
-0.04965 11.3
-0.04941 4.1
-0.04916 -3.1
-0.04892 -10.4
-0.04868 -17.6
-0.04843 -24.8
-0.04819 -31.8
-0.04794 -38.7
-0.0477 -45.4
-0.04745 -51.8
-0.04721 -58.0
-0.04697 -63.8
-0.04672 -69.3
-0.04648 -74.3
-0.04623 -78.9
-0.04599 -83.1
-0.04575 -86.8
-0.0455 -89.9
-0.04526 -92.5
-0.04501 -94.5
-0.04477 -95.9
-0.04453 -96.8
-0.04428 -97.0
-0.04404 -96.6
-0.04379 -95.6
-0.04355 -94.0
-0.0433 -91.7
-0.04306 -88.9
-0.04282 -85.5
-0.04257 -81.4
-0.04233 -76.9
-0.04208 -71.8
-0.04184 -66.2
-0.0416 -60.1
-0.04135 -53.7
-0.04111 -46.8
-0.04086 -39.6
-0.04062 -32.0
-0.04037 -24.3
-0.04013 -16.3
-0.03989 -8.1
-0.03964 0.1
-0.0394 8.4
-0.03915 16.6
-0.03891 24.8
-0.03867 32.9
-0.03842 40.8
-0.03818 48.4
-0.03793 55.7
-0.03769 62.7
-0.03745 69.2
-0.0372 75.3
-0.03696 80.9
-0.03671 86.0
-0.03647 90.4
-0.03622 94.2
-0.03598 97.3
-0.03574 99.7
-0.03549 101.4
-0.03525 102.4
-0.035 102.6
-0.03476 102.0
-0.03452 100.6
-0.03427 98.5
-0.03403 95.6
-0.03378 91.9
-0.03354 87.5
-0.03329 82.4
-0.03305 76.6
-0.03281 70.2
-0.03256 63.2
-0.03232 55.6
-0.03207 47.6
-0.03183 39.1
-0.03159 30.2
-0.03134 21.1
-0.0311 11.7
-0.03085 2.1
-0.03061 -7.5
-0.03036 -17.2
-0.03012 -26.7
-0.02988 -36.1
-0.02963 -45.3
-0.02939 -54.1
-0.02914 -62.6
-0.0289 -70.5
-0.02866 -77.9
-0.02841 -84.7
-0.02817 -90.8
-0.02792 -96.1
-0.02768 -100.6
-0.02744 -104.3
-0.02719 -107.0
-0.02695 -108.8
-0.0267 -109.6
-0.02646 -109.4
-0.02621 -108.2
-0.02597 -105.9
-0.02573 -102.7
-0.02548 -98.4
-0.02524 -93.2
-0.02499 -87.1
-0.02475 -80.0
-0.02451 -72.1
-0.02426 -63.5
-0.02402 -54.1
-0.02377 -44.1
-0.02353 -33.6
-0.02328 -22.7
-0.02304 -11.4
-0.0228 0.0
-0.02255 11.7
-0.02231 23.3
-0.02206 34.7
-0.02182 45.9
-0.02158 56.7
-0.02133 67.0
-0.02109 76.6
-0.02084 85.6
-0.0206 93.6
-0.02036 100.7
-0.02011 106.8
-0.01987 111.7
-0.01962 115.3
-0.01938 117.7
-0.01913 118.7
-0.01889 118.3
-0.01865 116.6
-0.0184 113.4
-0.01816 108.8
-0.01791 102.8
-0.01767 95.4
-0.01743 86.8
-0.01718 77.0
-0.01694 66.1
-0.01669 54.2
-0.01645 41.4
-0.0162 28.0
-0.01596 14.0
-0.01572 -0.4
-0.01547 -14.9
-0.01523 -29.5
-0.01498 -43.8
-0.01474 -57.7
-0.0145 -70.9
-0.01425 -83.4
-0.01401 -94.7
-0.01376 -104.9
-0.01352 -113.6
-0.01328 -120.7
-0.01303 -126.0
-0.01279 -129.5
-0.01254 -130.9
-0.0123 -130.3
-0.01205 -127.5
-0.01181 -122.6
-0.01157 -115.5
-0.01132 -106.4
-0.01108 -95.2
-0.01083 -82.2
-0.01059 -67.4
-0.01035 -51.2
-0.0101 -33.7
-0.00986 -15.3
-0.00961 3.8
-0.00937 23.2
-0.00912 42.5
-0.00888 61.3
-0.00864 79.3
-0.00839 95.9
-0.00815 110.9
-0.0079 123.8
-0.00766 134.3
-0.00742 141.9
-0.00717 146.4
-0.00693 147.5
-0.00668 145.1
-0.00644 139.0
-0.0062 129.2
-0.00595 115.8
-0.00571 99.0
-0.00546 79.0
-0.00522 56.2
-0.00497 31.2
-0.00473 4.5
-0.00449 -23.1
-0.00424 -50.9
-0.004 -77.8
-0.00375 -103.1
-0.00351 -125.6
-0.00327 -144.3
-0.00302 -158.4
-0.00278 -167.0
-0.00253 -169.2
-0.00229 -164.5
-0.00204 -152.5
-0.0018 -133.2
-0.00156 -106.8
-0.00131 -74.0
-0.00107 -36.0
-0.00082 5.7
-0.00058 48.9
-0.00034 90.9
-9e-05 128.3
0.00015 157.7
0.0004 175.8
0.00064 180.1
0.00089 169.0
0.00113 142.5
0.00137 102.5
0.00162 52.7
0.00186 -1.9
0.00211 -55.0
0.00235 -100.3
0.00259 -132.2
0.00284 -146.9
0.00308 -143.0
0.00333 -121.5
0.00357 -86.0
0.00381 -42.0
0.00406 4.0
0.0043 45.6
0.00455 77.2
0.00479 95.1
0.00504 97.9
0.00528 86.6
0.00552 64.0
0.00577 34.5
0.00601 3.2
0.00626 -25.0
0.0065 -46.3
0.00674 -58.2
0.00699 -59.8
0.00723 -52.2
0.00748 -37.5
0.00772 -18.7
0.00797 0.7
0.00821 17.6
0.00845 29.7
0.0087 35.7
0.00894 35.3
0.00919 29.4
0.00943 19.6
0.00967 7.8
0.00992 -3.8
0.01016 -13.3
0.01041 -19.6
0.01065 -21.9
0.01089 -20.5
0.01114 -15.9
0.01138 -9.4
0.01163 -2.1
0.01187 4.6
0.01212 9.8
0.01236 12.8
0.0126 13.3
0.01285 11.6
0.01309 8.3
0.01334 4.0
0.01358 -0.4
0.01382 -4.2
0.01407 -6.9
0.01431 -8.1
0.01456 -7.9
0.0148 -6.4
0.01505 -4.1
0.01529 -1.4
0.01553 1.2
0.01578 3.3
0.01602 4.6
0.01627 5.0
0.01651 4.6
0.01675 3.4
0.017 1.9
0.01724 0.2
0.01749 -1.3
0.01773 -2.4
0.01797 -3.0
0.01822 -3.0
0.01846 -2.6
0.01871 -1.8
0.01895 -0.7
0.0192 0.3
0.01944 1.1
0.01968 1.7
0.01993 1.9
0.02017 1.8
0.02042 1.4
0.02066 0.8
0.0209 0.2
0.02115 -0.4
0.02139 -0.8
0.02164 -1.1
0.02188 -1.2
0.02213 -1.0
0.02237 -0.7
0.02261 -0.4
0.02286 0.0
0.0231 0.4
0.02335 0.6
0.02359 0.7
0.02383 0.7
0.02408 0.6
0.02432 0.4
0.02457 0.1
0.02481 -0.1
0.02505 -0.3
0.0253 -0.4
0.02554 -0.4
0.02579 -0.4
0.02603 -0.3
0.02628 -0.2
0.02652 0.0
0.02676 0.1
0.02701 0.2
0.02725 0.3
0.0275 0.3
0.02774 0.2
0.02798 0.2
0.02823 0.0
0.02847 0.0
0.02872 0.0
0.02896 -0.1
0.02921 -0.2
0.02945 -0.2
0.02969 -0.1
0.02994 0.0
0.03018 0.0
0.03043 0.0
0.03067 0.0
0.03091 0.0
0.03116 0.1
0.0314 0.0
0.03165 0.0
0.03189 0.0
0.03214 0.0
0.03238 0.0
0.03262 0.0
0.03287 0.0
0.03311 0.0
0.03336 0.0
0.0336 0.0
0.03384 0.0
0.03409 0.0
0.03433 0.0
0.03458 0.0
0.03482 0.0
0.03506 0.0
0.03531 0.0
0.03555 0.0
0.0358 0.0
0.03604 0.0
0.03629 0.0
0.03653 0.0
0.03677 0.0
0.03702 0.0
0.03726 0.0
0.03751 0.0
0.03775 0.0
0.03799 0.0
0.03824 0.0
0.03848 0.0
0.03873 0.0
0.03897 0.0
0.03922 0.0
0.03946 0.0
0.0397 0.0
0.03995 0.0
0.04019 0.0
0.04044 0.0
0.04068 0.0
0.04092 0.0
0.04117 0.0
0.04141 0.0
0.04166 0.0
0.0419 0.0
0.04214 0.0
0.04239 0.0
0.04263 0.0
0.04288 0.0
0.04312 0.0
0.04337 0.0
0.04361 0.0
0.04385 0.0
0.0441 0.0
0.04434 0.0
0.04459 0.0
0.04483 0.0
0.04507 0.0
0.04532 0.0
0.04556 0.0
0.04581 0.0
0.04605 0.0
0.0463 0.0
0.04654 0.0
0.04678 0.0
0.04703 0.0
0.04727 0.0
0.04752 0.0
0.04776 0.0
0.048 0.0
0.04825 0.0
0.04849 0.0
0.04874 0.0
0.04898 0.0
0.04922 0.0
0.04947 0.0
0.04971 0.0
0.04996 0.0
0.0502 0.0
0.05045 0.0
0.05069 0.0
0.05093 0.0
0.05118 0.0
0.05142 0.0
0.05167 0.0
0.05191 0.0
0.05215 0.0
0.0524 0.0
0.05264 0.0
0.05289 0.0
0.05313 0.0
0.05338 0.0
0.05362 0.0
0.05386 0.0
0.05411 0.0
0.05435 0.0
0.0546 0.0
0.05484 0.0
0.05508 0.0
0.05533 0.0
0.05557 0.0
0.05582 0.0
0.05606 0.0
0.0563 0.0
0.05655 0.0
0.05679 0.0
0.05704 0.0
0.05728 0.0
0.05753 0.0
0.05777 0.0
0.05801 0.0
0.05826 0.0
0.0585 0.0
0.05875 0.0
0.05899 0.0
0.05923 0.0
0.05948 0.0
0.05972 0.0
0.05997 0.0
0.06021 0.0
0.06046 0.0
0.0607 0.0
0.06094 0.0
0.06119 0.0
0.06143 0.0
0.06168 0.0
0.06192 0.0
0.06216 0.0
0.06241 0.0
0.06265 0.0
0.0629 0.0
0.06314 0.0
0.06339 0.0
0.06363 0.0
0.06387 0.0
0.06412 0.0
0.06436 0.0
0.06461 0.0
0.06485 0.0
0.06509 0.0
0.06534 0.0
0.06558 0.0
0.06583 0.0
0.06607 0.0
0.06631 0.0
0.06656 0.0
0.0668 0.0
0.06705 0.0
0.06729 0.0
0.06754 0.0
0.06778 0.0
0.06802 0.0
0.06827 0.0
0.06851 0.0
0.06876 0.0
0.069 0.0
0.06924 0.0
0.06949 0.0
0.06973 0.0
0.06998 0.0
0.07022 0.0
0.07047 0.0
0.07071 0.0
0.07095 0.0
0.0712 0.0
0.07144 0.0
0.07169 0.0
0.07193 0.0
0.07217 0.0
0.07242 0.0
0.07266 0.0
0.07291 0.0
0.07315 0.0
0.07339 0.0
0.07364 0.0
0.07388 0.0
0.07413 0.0
0.07437 0.0
0.07462 0.0
0.07486 0.0
0.0751 0.0
0.07535 0.0
0.07559 0.0
0.07584 0.0
0.07608 0.0
0.07632 0.0
0.07657 0.0
0.07681 0.0
0.07706 0.0
0.0773 0.0
0.07755 0.0
0.07779 0.0
0.07803 0.0
0.07828 0.0
0.07852 0.0
0.07877 0.0
0.07901 0.0
0.07925 0.0
0.0795 0.0
0.07974 0.0
0.07999 0.0
0.08023 0.0
0.08047 0.0
0.08072 0.0
0.08096 0.0
0.08121 0.0
0.08145 0.0
0.0817 0.0
0.08194 0.0
0.08218 0.0
0.08243 0.0
0.08267 0.0
0.08292 0.0
0.08316 0.0
0.0834 0.0
0.08365 0.0
0.08389 0.0
0.08414 0.0
0.08438 0.0
0.08463 0.0
0.08487 0.0
0.08511 0.0
0.08536 0.0
0.0856 0.0
0.08585 0.0
0.08609 0.0
0.08633 0.0
0.08658 0.0
0.08682 0.0
0.08707 0.0
0.08731 0.0
0.08755 0.0
0.0878 0.0
0.08804 0.0
0.08829 0.0
0.08853 0.0
0.08878 0.0
0.08902 0.0
0.08926 0.0
0.08951 0.0
0.08975 0.0
0.09 0.0
0.09024 0.0
0.09048 0.0
0.09073 0.0
0.09097 0.0
0.09122 0.0
0.09146 0.0
0.09171 0.0
0.09195 0.0
0.09219 0.0
0.09244 0.0
0.09268 0.0
0.09293 0.0
0.09317 0.0
0.09341 0.0
0.09366 0.0
0.0939 0.0
0.09415 0.0
0.09439 0.0
0.09464 0.0
0.09488 0.0
0.09512 0.0
0.09537 0.0
0.09561 0.0
0.09586 0.0
0.0961 0.0
0.09634 0.0
0.09659 0.0
0.09683 0.0
0.09708 0.0
0.09732 0.0
0.09756 0.0
0.09781 0.0
0.09805 0.0
0.0983 0.0
0.09854 0.0
0.09879 0.0
0.09903 0.0
0.09927 0.0
0.09952 0.0
0.09976 0.0
0.10001 0.0
0.10025 0.0
0.10049 0.0
0.10074 0.0
0.10098 0.0
0.10123 0.0
0.10147 0.0
0.10172 0.0
0.10196 0.0
0.1022 0.0
0.10245 0.0
0.10269 0.0
0.10294 0.0
0.10318 0.0
0.10342 0.0
0.10367 0.0
0.10391 0.0
0.10416 0.0
0.1044 0.0
0.10464 0.0
0.10489 0.0
0.10513 0.0
0.10538 0.0
0.10562 0.0
0.10587 0.0
0.10611 0.0
0.10635 0.0
0.1066 0.0
0.10684 0.0
0.10709 0.0
0.10733 0.0
0.10757 0.0
0.10782 0.0
0.10806 0.0
0.10831 0.0
0.10855 0.0
0.1088 0.0
0.10904 0.0
0.10928 0.0
0.10953 0.0
0.10977 0.0
0.11002 0.0
0.11026 0.0
0.1105 0.0
0.11075 0.0
0.11099 0.0
0.11124 0.0
0.11148 0.0
0.11172 0.0
0.11197 0.0
0.11221 0.0
0.11246 0.0
0.1127 0.0
0.11295 0.0
0.11319 0.0
0.11343 0.0
0.11368 0.0
0.11392 0.0
0.11417 0.0
0.11441 0.0
0.11465 0.0
0.1149 0.0
0.11514 0.0
0.11539 0.0
0.11563 0.0
0.11588 0.0
0.11612 0.0
0.11636 0.0
0.11661 0.0
0.11685 0.0
0.1171 0.0
0.11734 0.0
0.11758 0.0
0.11783 0.0
0.11807 0.0
0.11832 0.0
0.11856 0.0
0.1188 0.0
0.11905 0.0
0.11929 0.0
0.11954 0.0
0.11978 0.0
0.12003 0.0
0.12027 0.0
0.12051 0.0
0.12076 0.0
0.121 0.0
0.12125 0.0
0.12149 0.0
0.12173 0.0
0.12198 0.0
0.12222 0.0
0.12247 0.0
0.12271 0.0
0.12296 0.0
0.1232 0.0
0.12344 0.0
0.12369 0.0
0.12393 0.0
0.12418 0.0
0.12442 0.0
0.12466 0.0
0.12491 0.0
0.12515 0.0
0.1254 0.0
0.12564 0.0
0.12589 0.0
0.12613 0.0
0.12637 0.0
0.12662 0.0
0.12686 0.0
0.12711 0.0
0.12735 0.0
0.12759 0.0
0.12784 0.0
0.12808 0.0
0.12833 0.0
0.12857 0.0
0.12881 0.0
0.12906 0.0
0.1293 0.0
0.12955 0.0
0.12979 0.0
0.13004 0.0
0.13028 0.0
0.13052 0.0
0.13077 0.0
0.13101 0.0
0.13126 0.0
0.1315 0.0
0.13174 0.0
0.13199 0.0
0.13223 0.0
0.13248 0.0
0.13272 0.0
0.13297 0.0
0.13321 0.0
0.13345 0.0
0.1337 0.0
0.13394 0.0
0.13419 0.0
0.13443 0.0
0.13467 0.0
0.13492 0.0
0.13516 0.0
0.13541 0.0
0.13565 0.0
0.13589 0.0
0.13614 0.0
0.13638 0.0
0.13663 0.0
0.13687 0.0
0.13712 0.0
0.13736 0.0
0.1376 0.0
0.13785 0.0
0.13809 0.0
0.13834 0.0
0.13858 0.0
0.13882 0.0
0.13907 0.0
0.13931 0.0
0.13956 0.0
0.1398 0.0
0.14005 0.0
0.14029 0.0
0.14053 0.0
0.14078 0.0
0.14102 0.0
0.14127 0.0
0.14151 0.0
0.14175 0.0
0.142 0.0
0.14224 0.0
0.14249 0.0
0.14273 0.0
0.14297 0.0
0.14322 0.0
0.14346 0.0
0.14371 0.0
0.14395 0.0
0.1442 0.0
0.14444 0.0
0.14468 0.0
0.14493 0.0
0.14517 0.0
0.14542 0.0
0.14566 0.0
0.1459 0.0
0.14615 0.0
0.14639 0.0
0.14664 0.0
0.14688 0.0
0.14713 0.0
0.14737 0.0
0.14761 0.0
0.14786 0.0
0.1481 0.0
0.14835 0.0
0.14859 0.0
0.14883 0.0
0.14908 0.0
0.14932 0.0
0.14957 0.0
0.14981 0.0
0.15005 0.0
0.1503 0.0
0.15054 0.0
0.15079 0.0
0.15103 0.0
0.15128 0.0
0.15152 0.0
0.15176 0.0
0.15201 0.0
0.15225 0.0
0.1525 0.0
0.15274 0.0
