t strain*1e23
-0.33319 12.3
-0.33295 12.2
-0.3327 12.1
-0.33246 12.0
-0.33221 11.8
-0.33197 11.7
-0.33173 11.5
-0.33148 11.3
-0.33124 11.1
-0.33099 10.9
-0.33075 10.7
-0.33051 10.4
-0.33026 10.2
-0.33002 9.9
-0.32977 9.7
-0.32953 9.4
-0.32928 9.1
-0.32904 8.8
-0.3288 8.5
-0.32855 8.2
-0.32831 7.8
-0.32806 7.5
-0.32782 7.1
-0.32758 6.8
-0.32733 6.4
-0.32709 6.0
-0.32684 5.6
-0.3266 5.2
-0.32635 4.8
-0.32611 4.4
-0.32587 4.0
-0.32562 3.6
-0.32538 3.2
-0.32513 2.8
-0.32489 2.4
-0.32465 1.9
-0.3244 1.5
-0.32416 1.1
-0.32391 0.6
-0.32367 0.2
-0.32343 -0.2
-0.32318 -0.7
-0.32294 -1.1
-0.32269 -1.6
-0.32245 -2.0
-0.3222 -2.4
-0.32196 -2.8
-0.32172 -3.3
-0.32147 -3.7
-0.32123 -4.1
-0.32098 -4.5
-0.32074 -4.9
-0.3205 -5.3
-0.32025 -5.7
-0.32001 -6.1
-0.31976 -6.5
-0.31952 -6.9
-0.31927 -7.2
-0.31903 -7.6
-0.31879 -8.0
-0.31854 -8.3
-0.3183 -8.6
-0.31805 -8.9
-0.31781 -9.3
-0.31757 -9.6
-0.31732 -9.8
-0.31708 -10.1
-0.31683 -10.4
-0.31659 -10.6
-0.31635 -10.9
-0.3161 -11.1
-0.31586 -11.3
-0.31561 -11.5
-0.31537 -11.7
-0.31512 -11.9
-0.31488 -12.0
-0.31464 -12.2
-0.31439 -12.3
-0.31415 -12.4
-0.3139 -12.5
-0.31366 -12.6
-0.31342 -12.7
-0.31317 -12.7
-0.31293 -12.8
-0.31268 -12.8
-0.31244 -12.8
-0.31219 -12.8
-0.31195 -12.8
-0.31171 -12.7
-0.31146 -12.7
-0.31122 -12.6
-0.31097 -12.5
-0.31073 -12.4
-0.31049 -12.3
-0.31024 -12.2
-0.31 -12.0
-0.30975 -11.9
-0.30951 -11.7
-0.30927 -11.5
-0.30902 -11.3
-0.30878 -11.1
-0.30853 -10.9
-0.30829 -10.6
-0.30804 -10.4
-0.3078 -10.1
-0.30756 -9.8
-0.30731 -9.5
-0.30707 -9.2
-0.30682 -8.9
-0.30658 -8.6
-0.30634 -8.2
-0.30609 -7.9
-0.30585 -7.5
-0.3056 -7.1
-0.30536 -6.8
-0.30511 -6.4
-0.30487 -6.0
-0.30463 -5.6
-0.30438 -5.2
-0.30414 -4.7
-0.30389 -4.3
-0.30365 -3.9
-0.30341 -3.5
-0.30316 -3.0
-0.30292 -2.6
-0.30267 -2.1
-0.30243 -1.7
-0.30219 -1.2
-0.30194 -0.8
-0.3017 -0.3
-0.30145 0.1
-0.30121 0.6
-0.30096 1.0
-0.30072 1.5
-0.30048 1.9
-0.30023 2.4
-0.29999 2.8
-0.29974 3.3
-0.2995 3.7
-0.29926 4.1
-0.29901 4.6
-0.29877 5.0
-0.29852 5.4
-0.29828 5.8
-0.29803 6.2
-0.29779 6.6
-0.29755 7.0
-0.2973 7.4
-0.29706 7.8
-0.29681 8.1
-0.29657 8.5
-0.29633 8.8
-0.29608 9.2
-0.29584 9.5
-0.29559 9.8
-0.29535 10.1
-0.2951 10.4
-0.29486 10.6
-0.29462 10.9
-0.29437 11.1
-0.29413 11.4
-0.29388 11.6
-0.29364 11.8
-0.2934 12.0
-0.29315 12.1
-0.29291 12.3
-0.29266 12.4
-0.29242 12.6
-0.29218 12.7
-0.29193 12.8
-0.29169 12.9
-0.29144 12.9
-0.2912 13.0
-0.29095 13.0
-0.29071 13.0
-0.29047 13.0
-0.29022 13.0
-0.28998 12.9
-0.28973 12.9
-0.28949 12.8
-0.28925 12.7
-0.289 12.6
-0.28876 12.5
-0.28851 12.4
-0.28827 12.2
-0.28802 12.1
-0.28778 11.9
-0.28754 11.7
-0.28729 11.5
-0.28705 11.2
-0.2868 11.0
-0.28656 10.7
-0.28632 10.5
-0.28607 10.2
-0.28583 9.9
-0.28558 9.6
-0.28534 9.3
-0.2851 8.9
-0.28485 8.6
-0.28461 8.2
-0.28436 7.8
-0.28412 7.5
-0.28387 7.1
-0.28363 6.7
-0.28339 6.3
-0.28314 5.9
-0.2829 5.4
-0.28265 5.0
-0.28241 4.6
-0.28217 4.1
-0.28192 3.7
-0.28168 3.2
-0.28143 2.8
-0.28119 2.3
-0.28094 1.8
-0.2807 1.4
-0.28046 0.9
-0.28021 0.4
-0.27997 0.0
-0.27972 -0.5
-0.27948 -1.0
-0.27924 -1.5
-0.27899 -1.9
-0.27875 -2.4
-0.2785 -2.9
-0.27826 -3.3
-0.27802 -3.8
-0.27777 -4.2
-0.27753 -4.7
-0.27728 -5.1
-0.27704 -5.6
-0.27679 -6.0
-0.27655 -6.4
-0.27631 -6.8
-0.27606 -7.2
-0.27582 -7.6
-0.27557 -8.0
-0.27533 -8.4
-0.27509 -8.7
-0.27484 -9.1
-0.2746 -9.4
-0.27435 -9.8
-0.27411 -10.1
-0.27386 -10.4
-0.27362 -10.7
-0.27338 -10.9
-0.27313 -11.2
-0.27289 -11.5
-0.27264 -11.7
-0.2724 -11.9
-0.27216 -12.1
-0.27191 -12.3
-0.27167 -12.5
-0.27142 -12.6
-0.27118 -12.7
-0.27094 -12.9
-0.27069 -13.0
-0.27045 -13.1
-0.2702 -13.1
-0.26996 -13.2
-0.26971 -13.2
-0.26947 -13.2
-0.26923 -13.2
-0.26898 -13.2
-0.26874 -13.2
-0.26849 -13.1
-0.26825 -13.0
-0.26801 -12.9
-0.26776 -12.8
-0.26752 -12.7
-0.26727 -12.6
-0.26703 -12.4
-0.26678 -12.2
-0.26654 -12.0
-0.2663 -11.8
-0.26605 -11.6
-0.26581 -11.4
-0.26556 -11.1
-0.26532 -10.8
-0.26508 -10.5
-0.26483 -10.2
-0.26459 -9.9
-0.26434 -9.6
-0.2641 -9.3
-0.26385 -8.9
-0.26361 -8.5
-0.26337 -8.2
-0.26312 -7.8
-0.26288 -7.4
-0.26263 -6.9
-0.26239 -6.5
-0.26215 -6.1
-0.2619 -5.7
-0.26166 -5.2
-0.26141 -4.8
-0.26117 -4.3
-0.26093 -3.8
-0.26068 -3.4
-0.26044 -2.9
-0.26019 -2.4
-0.25995 -1.9
-0.2597 -1.4
-0.25946 -0.9
-0.25922 -0.4
-0.25897 0.0
-0.25873 0.5
-0.25848 1.0
-0.25824 1.5
-0.258 2.0
-0.25775 2.5
-0.25751 3.0
-0.25726 3.5
-0.25702 4.0
-0.25677 4.4
-0.25653 4.9
-0.25629 5.3
-0.25604 5.8
-0.2558 6.2
-0.25555 6.7
-0.25531 7.1
-0.25507 7.5
-0.25482 7.9
-0.25458 8.3
-0.25433 8.7
-0.25409 9.1
-0.25385 9.5
-0.2536 9.8
-0.25336 10.1
-0.25311 10.5
-0.25287 10.8
-0.25262 11.1
-0.25238 11.3
-0.25214 11.6
-0.25189 11.8
-0.25165 12.1
-0.2514 12.3
-0.25116 12.5
-0.25092 12.7
-0.25067 12.8
-0.25043 13.0
-0.25018 13.1
-0.24994 13.2
-0.24969 13.3
-0.24945 13.4
-0.24921 13.4
-0.24896 13.4
-0.24872 13.5
-0.24847 13.4
-0.24823 13.4
-0.24799 13.4
-0.24774 13.3
-0.2475 13.2
-0.24725 13.1
-0.24701 13.0
-0.24677 12.9
-0.24652 12.7
-0.24628 12.5
-0.24603 12.4
-0.24579 12.1
-0.24554 11.9
-0.2453 11.7
-0.24506 11.4
-0.24481 11.1
-0.24457 10.8
-0.24432 10.5
-0.24408 10.2
-0.24384 9.9
-0.24359 9.5
-0.24335 9.2
-0.2431 8.8
-0.24286 8.4
-0.24261 8.0
-0.24237 7.6
-0.24213 7.1
-0.24188 6.7
-0.24164 6.2
-0.24139 5.8
-0.24115 5.3
-0.24091 4.8
-0.24066 4.4
-0.24042 3.9
-0.24017 3.4
-0.23993 2.9
-0.23969 2.4
-0.23944 1.9
-0.2392 1.3
-0.23895 0.8
-0.23871 0.3
-0.23846 -0.2
-0.23822 -0.7
-0.23798 -1.2
-0.23773 -1.8
-0.23749 -2.3
-0.23724 -2.8
-0.237 -3.3
-0.23676 -3.8
-0.23651 -4.3
-0.23627 -4.8
-0.23602 -5.3
-0.23578 -5.7
-0.23553 -6.2
-0.23529 -6.7
-0.23505 -7.1
-0.2348 -7.6
-0.23456 -8.0
-0.23431 -8.4
-0.23407 -8.8
-0.23383 -9.2
-0.23358 -9.6
-0.23334 -10.0
-0.23309 -10.3
-0.23285 -10.6
-0.2326 -11.0
-0.23236 -11.3
-0.23212 -11.6
-0.23187 -11.8
-0.23163 -12.1
-0.23138 -12.3
-0.23114 -12.6
-0.2309 -12.8
-0.23065 -12.9
-0.23041 -13.1
-0.23016 -13.3
-0.22992 -13.4
-0.22968 -13.5
-0.22943 -13.6
-0.22919 -13.6
-0.22894 -13.7
-0.2287 -13.7
-0.22845 -13.7
-0.22821 -13.7
-0.22797 -13.7
-0.22772 -13.6
-0.22748 -13.5
-0.22723 -13.4
-0.22699 -13.3
-0.22675 -13.2
-0.2265 -13.0
-0.22626 -12.8
-0.22601 -12.6
-0.22577 -12.4
-0.22552 -12.2
-0.22528 -11.9
-0.22504 -11.7
-0.22479 -11.4
-0.22455 -11.1
-0.2243 -10.7
-0.22406 -10.4
-0.22382 -10.1
-0.22357 -9.7
-0.22333 -9.3
-0.22308 -8.9
-0.22284 -8.5
-0.2226 -8.0
-0.22235 -7.6
-0.22211 -7.2
-0.22186 -6.7
-0.22162 -6.2
-0.22137 -5.7
-0.22113 -5.2
-0.22089 -4.7
-0.22064 -4.2
-0.2204 -3.7
-0.22015 -3.2
-0.21991 -2.7
-0.21967 -2.1
-0.21942 -1.6
-0.21918 -1.0
-0.21893 -0.5
-0.21869 0.0
-0.21844 0.6
-0.2182 1.1
-0.21796 1.7
-0.21771 2.2
-0.21747 2.7
-0.21722 3.3
-0.21698 3.8
-0.21674 4.3
-0.21649 4.8
-0.21625 5.4
-0.216 5.9
-0.21576 6.3
-0.21552 6.8
-0.21527 7.3
-0.21503 7.8
-0.21478 8.2
-0.21454 8.7
-0.21429 9.1
-0.21405 9.5
-0.21381 9.9
-0.21356 10.3
-0.21332 10.6
-0.21307 11.0
-0.21283 11.3
-0.21259 11.6
-0.21234 11.9
-0.2121 12.2
-0.21185 12.5
-0.21161 12.7
-0.21136 12.9
-0.21112 13.1
-0.21088 13.3
-0.21063 13.5
-0.21039 13.6
-0.21014 13.7
-0.2099 13.8
-0.20966 13.9
-0.20941 14.0
-0.20917 14.0
-0.20892 14.0
-0.20868 14.0
-0.20844 13.9
-0.20819 13.9
-0.20795 13.8
-0.2077 13.7
-0.20746 13.6
-0.20721 13.4
-0.20697 13.3
-0.20673 13.1
-0.20648 12.9
-0.20624 12.6
-0.20599 12.4
-0.20575 12.1
-0.20551 11.8
-0.20526 11.5
-0.20502 11.2
-0.20477 10.8
-0.20453 10.5
-0.20428 10.1
-0.20404 9.7
-0.2038 9.3
-0.20355 8.8
-0.20331 8.4
-0.20306 7.9
-0.20282 7.5
-0.20258 7.0
-0.20233 6.5
-0.20209 6.0
-0.20184 5.4
-0.2016 4.9
-0.20135 4.4
-0.20111 3.8
-0.20087 3.3
-0.20062 2.7
-0.20038 2.2
-0.20013 1.6
-0.19989 1.0
-0.19965 0.5
-0.1994 -0.1
-0.19916 -0.7
-0.19891 -1.3
-0.19867 -1.8
-0.19843 -2.4
-0.19818 -3.0
-0.19794 -3.5
-0.19769 -4.1
-0.19745 -4.6
-0.1972 -5.2
-0.19696 -5.7
-0.19672 -6.2
-0.19647 -6.7
-0.19623 -7.2
-0.19598 -7.7
-0.19574 -8.2
-0.1955 -8.7
-0.19525 -9.1
-0.19501 -9.6
-0.19476 -10.0
-0.19452 -10.4
-0.19427 -10.8
-0.19403 -11.2
-0.19379 -11.5
-0.19354 -11.9
-0.1933 -12.2
-0.19305 -12.5
-0.19281 -12.7
-0.19257 -13.0
-0.19232 -13.2
-0.19208 -13.4
-0.19183 -13.6
-0.19159 -13.8
-0.19135 -13.9
-0.1911 -14.1
-0.19086 -14.2
-0.19061 -14.2
-0.19037 -14.3
-0.19012 -14.3
-0.18988 -14.3
-0.18964 -14.3
-0.18939 -14.2
-0.18915 -14.2
-0.1889 -14.1
-0.18866 -13.9
-0.18842 -13.8
-0.18817 -13.6
-0.18793 -13.4
-0.18768 -13.2
-0.18744 -13.0
-0.18719 -12.7
-0.18695 -12.4
-0.18671 -12.1
-0.18646 -11.8
-0.18622 -11.5
-0.18597 -11.1
-0.18573 -10.7
-0.18549 -10.3
-0.18524 -9.9
-0.185 -9.4
-0.18475 -9.0
-0.18451 -8.5
-0.18427 -8.0
-0.18402 -7.5
-0.18378 -7.0
-0.18353 -6.5
-0.18329 -5.9
-0.18304 -5.4
-0.1828 -4.8
-0.18256 -4.3
-0.18231 -3.7
-0.18207 -3.1
-0.18182 -2.5
-0.18158 -1.9
-0.18134 -1.3
-0.18109 -0.7
-0.18085 -0.1
-0.1806 0.5
-0.18036 1.1
-0.18011 1.7
-0.17987 2.3
-0.17963 2.9
-0.17938 3.5
-0.17914 4.1
-0.17889 4.7
-0.17865 5.2
-0.17841 5.8
-0.17816 6.4
-0.17792 6.9
-0.17767 7.4
-0.17743 8.0
-0.17719 8.5
-0.17694 9.0
-0.1767 9.4
-0.17645 9.9
-0.17621 10.3
-0.17596 10.8
-0.17572 11.2
-0.17548 11.6
-0.17523 11.9
-0.17499 12.3
-0.17474 12.6
-0.1745 12.9
-0.17426 13.2
-0.17401 13.4
-0.17377 13.7
-0.17352 13.9
-0.17328 14.1
-0.17303 14.2
-0.17279 14.4
-0.17255 14.5
-0.1723 14.5
-0.17206 14.6
-0.17181 14.6
-0.17157 14.6
-0.17133 14.6
-0.17108 14.6
-0.17084 14.5
-0.17059 14.4
-0.17035 14.2
-0.1701 14.1
-0.16986 13.9
-0.16962 13.7
-0.16937 13.5
-0.16913 13.2
-0.16888 12.9
-0.16864 12.6
-0.1684 12.3
-0.16815 11.9
-0.16791 11.6
-0.16766 11.2
-0.16742 10.7
-0.16718 10.3
-0.16693 9.8
-0.16669 9.4
-0.16644 8.9
-0.1662 8.4
-0.16595 7.8
-0.16571 7.3
-0.16547 6.7
-0.16522 6.2
-0.16498 5.6
-0.16473 5.0
-0.16449 4.4
-0.16425 3.8
-0.164 3.2
-0.16376 2.5
-0.16351 1.9
-0.16327 1.3
-0.16302 0.6
-0.16278 0.0
-0.16254 -0.6
-0.16229 -1.3
-0.16205 -1.9
-0.1618 -2.6
-0.16156 -3.2
-0.16132 -3.8
-0.16107 -4.4
-0.16083 -5.1
-0.16058 -5.7
-0.16034 -6.3
-0.1601 -6.8
-0.15985 -7.4
-0.15961 -8.0
-0.15936 -8.5
-0.15912 -9.0
-0.15887 -9.5
-0.15863 -10.0
-0.15839 -10.5
-0.15814 -11.0
-0.1579 -11.4
-0.15765 -11.8
-0.15741 -12.2
-0.15717 -12.6
-0.15692 -12.9
-0.15668 -13.2
-0.15643 -13.5
-0.15619 -13.8
-0.15594 -14.0
-0.1557 -14.3
-0.15546 -14.4
-0.15521 -14.6
-0.15497 -14.7
-0.15472 -14.8
-0.15448 -14.9
-0.15424 -15.0
-0.15399 -15.0
-0.15375 -15.0
-0.1535 -14.9
-0.15326 -14.9
-0.15302 -14.8
-0.15277 -14.6
-0.15253 -14.5
-0.15228 -14.3
-0.15204 -14.1
-0.15179 -13.8
-0.15155 -13.6
-0.15131 -13.3
-0.15106 -12.9
-0.15082 -12.6
-0.15057 -12.2
-0.15033 -11.8
-0.15009 -11.4
-0.14984 -11.0
-0.1496 -10.5
-0.14935 -10.0
-0.14911 -9.5
-0.14886 -9.0
-0.14862 -8.4
-0.14838 -7.8
-0.14813 -7.3
-0.14789 -6.7
-0.14764 -6.0
-0.1474 -5.4
-0.14716 -4.8
-0.14691 -4.1
-0.14667 -3.5
-0.14642 -2.8
-0.14618 -2.2
-0.14594 -1.5
-0.14569 -0.8
-0.14545 -0.1
-0.1452 0.6
-0.14496 1.3
-0.14471 1.9
-0.14447 2.6
-0.14423 3.3
-0.14398 4.0
-0.14374 4.6
-0.14349 5.3
-0.14325 5.9
-0.14301 6.5
-0.14276 7.2
-0.14252 7.8
-0.14227 8.4
-0.14203 8.9
-0.14178 9.5
-0.14154 10.0
-0.1413 10.5
-0.14105 11.0
-0.14081 11.5
-0.14056 12.0
-0.14032 12.4
-0.14008 12.8
-0.13983 13.2
-0.13959 13.5
-0.13934 13.8
-0.1391 14.1
-0.13885 14.4
-0.13861 14.6
-0.13837 14.8
-0.13812 15.0
-0.13788 15.1
-0.13763 15.2
-0.13739 15.3
-0.13715 15.4
-0.1369 15.4
-0.13666 15.4
-0.13641 15.3
-0.13617 15.2
-0.13593 15.1
-0.13568 15.0
-0.13544 14.8
-0.13519 14.6
-0.13495 14.3
-0.1347 14.1
-0.13446 13.8
-0.13422 13.4
-0.13397 13.1
-0.13373 12.7
-0.13348 12.2
-0.13324 11.8
-0.133 11.3
-0.13275 10.8
-0.13251 10.3
-0.13226 9.8
-0.13202 9.2
-0.13177 8.6
-0.13153 8.0
-0.13129 7.4
-0.13104 6.7
-0.1308 6.1
-0.13055 5.4
-0.13031 4.7
-0.13007 4.0
-0.12982 3.3
-0.12958 2.6
-0.12933 1.9
-0.12909 1.2
-0.12885 0.4
-0.1286 -0.3
-0.12836 -1.0
-0.12811 -1.8
-0.12787 -2.5
-0.12762 -3.2
-0.12738 -3.9
-0.12714 -4.7
-0.12689 -5.4
-0.12665 -6.0
-0.1264 -6.7
-0.12616 -7.4
-0.12592 -8.0
-0.12567 -8.7
-0.12543 -9.3
-0.12518 -9.9
-0.12494 -10.4
-0.12469 -11.0
-0.12445 -11.5
-0.12421 -12.0
-0.12396 -12.5
-0.12372 -12.9
-0.12347 -13.4
-0.12323 -13.7
-0.12299 -14.1
-0.12274 -14.4
-0.1225 -14.7
-0.12225 -15.0
-0.12201 -15.2
-0.12177 -15.4
-0.12152 -15.6
-0.12128 -15.7
-0.12103 -15.8
-0.12079 -15.8
-0.12054 -15.8
-0.1203 -15.8
-0.12006 -15.8
-0.11981 -15.7
-0.11957 -15.5
-0.11932 -15.4
-0.11908 -15.2
-0.11884 -14.9
-0.11859 -14.7
-0.11835 -14.3
-0.1181 -14.0
-0.11786 -13.6
-0.11761 -13.2
-0.11737 -12.8
-0.11713 -12.3
-0.11688 -11.8
-0.11664 -11.3
-0.11639 -10.7
-0.11615 -10.1
-0.11591 -9.5
-0.11566 -8.9
-0.11542 -8.2
-0.11517 -7.6
-0.11493 -6.9
-0.11469 -6.2
-0.11444 -5.4
-0.1142 -4.7
-0.11395 -4.0
-0.11371 -3.2
-0.11346 -2.4
-0.11322 -1.6
-0.11298 -0.9
-0.11273 0.0
-0.11249 0.7
-0.11224 1.5
-0.112 2.3
-0.11176 3.1
-0.11151 3.9
-0.11127 4.6
-0.11102 5.4
-0.11078 6.1
-0.11053 6.9
-0.11029 7.6
-0.11005 8.3
-0.1098 9.0
-0.10956 9.6
-0.10931 10.3
-0.10907 10.9
-0.10883 11.5
-0.10858 12.0
-0.10834 12.6
-0.10809 13.1
-0.10785 13.5
-0.1076 14.0
-0.10736 14.4
-0.10712 14.8
-0.10687 15.1
-0.10663 15.4
-0.10638 15.6
-0.10614 15.9
-0.1059 16.0
-0.10565 16.2
-0.10541 16.3
-0.10516 16.3
-0.10492 16.4
-0.10468 16.3
-0.10443 16.3
-0.10419 16.2
-0.10394 16.0
-0.1037 15.8
-0.10345 15.6
-0.10321 15.3
-0.10297 15.0
-0.10272 14.7
-0.10248 14.3
-0.10223 13.8
-0.10199 13.4
-0.10175 12.9
-0.1015 12.4
-0.10126 11.8
-0.10101 11.2
-0.10077 10.6
-0.10052 9.9
-0.10028 9.2
-0.10004 8.5
-0.09979 7.8
-0.09955 7.0
-0.0993 6.3
-0.09906 5.5
-0.09882 4.7
-0.09857 3.8
-0.09833 3.0
-0.09808 2.2
-0.09784 1.3
-0.0976 0.5
-0.09735 -0.4
-0.09711 -1.3
-0.09686 -2.1
-0.09662 -3.0
-0.09637 -3.8
-0.09613 -4.7
-0.09589 -5.5
-0.09564 -6.3
-0.0954 -7.1
-0.09515 -7.9
-0.09491 -8.6
-0.09467 -9.4
-0.09442 -10.1
-0.09418 -10.8
-0.09393 -11.5
-0.09369 -12.1
-0.09344 -12.7
-0.0932 -13.3
-0.09296 -13.8
-0.09271 -14.3
-0.09247 -14.7
-0.09222 -15.2
-0.09198 -15.5
-0.09174 -15.9
-0.09149 -16.2
-0.09125 -16.4
-0.091 -16.6
-0.09076 -16.8
-0.09052 -16.9
-0.09027 -16.9
-0.09003 -16.9
-0.08978 -16.9
-0.08954 -16.8
-0.08929 -16.7
-0.08905 -16.5
-0.08881 -16.3
-0.08856 -16.0
-0.08832 -15.7
-0.08807 -15.3
-0.08783 -14.9
-0.08759 -14.5
-0.08734 -14.0
-0.0871 -13.5
-0.08685 -12.9
-0.08661 -12.3
-0.08636 -11.6
-0.08612 -10.9
-0.08588 -10.2
-0.08563 -9.5
-0.08539 -8.7
-0.08514 -7.9
-0.0849 -7.0
-0.08466 -6.2
-0.08441 -5.3
-0.08417 -4.4
-0.08392 -3.5
-0.08368 -2.6
-0.08344 -1.7
-0.08319 -0.7
-0.08295 0.2
-0.0827 1.2
-0.08246 2.1
-0.08221 3.0
-0.08197 4.0
-0.08173 4.9
-0.08148 5.8
-0.08124 6.7
-0.08099 7.6
-0.08075 8.4
-0.08051 9.3
-0.08026 10.1
-0.08002 10.8
-0.07977 11.6
-0.07953 12.3
-0.07928 13.0
-0.07904 13.6
-0.0788 14.2
-0.07855 14.8
-0.07831 15.3
-0.07806 15.7
-0.07782 16.1
-0.07758 16.5
-0.07733 16.8
-0.07709 17.1
-0.07684 17.3
-0.0766 17.5
-0.07635 17.6
-0.07611 17.6
-0.07587 17.6
-0.07562 17.5
-0.07538 17.4
-0.07513 17.3
-0.07489 17.0
-0.07465 16.7
-0.0744 16.4
-0.07416 16.0
-0.07391 15.6
-0.07367 15.1
-0.07343 14.5
-0.07318 13.9
-0.07294 13.3
-0.07269 12.6
-0.07245 11.9
-0.0722 11.1
-0.07196 10.3
-0.07172 9.4
-0.07147 8.6
-0.07123 7.6
-0.07098 6.7
-0.07074 5.7
-0.0705 4.8
-0.07025 3.8
-0.07001 2.7
-0.06976 1.7
-0.06952 0.7
-0.06927 -0.4
-0.06903 -1.4
-0.06879 -2.5
-0.06854 -3.5
-0.0683 -4.5
-0.06805 -5.6
-0.06781 -6.6
-0.06757 -7.5
-0.06732 -8.5
-0.06708 -9.4
-0.06683 -10.3
-0.06659 -11.2
-0.06635 -12.0
-0.0661 -12.8
-0.06586 -13.6
-0.06561 -14.3
-0.06537 -15.0
-0.06512 -15.6
-0.06488 -16.1
-0.06464 -16.6
-0.06439 -17.1
-0.06415 -17.4
-0.0639 -17.8
-0.06366 -18.0
-0.06342 -18.2
-0.06317 -18.4
-0.06293 -18.4
-0.06268 -18.4
-0.06244 -18.3
-0.06219 -18.2
-0.06195 -18.0
-0.06171 -17.7
-0.06146 -17.4
-0.06122 -17.0
-0.06097 -16.5
-0.06073 -16.0
-0.06049 -15.4
-0.06024 -14.8
-0.06 -14.1
-0.05975 -13.3
-0.05951 -12.5
-0.05927 -11.7
-0.05902 -10.8
-0.05878 -9.8
-0.05853 -8.8
-0.05829 -7.8
-0.05804 -6.7
-0.0578 -5.6
-0.05756 -4.5
-0.05731 -3.4
-0.05707 -2.2
-0.05682 -1.1
-0.05658 0.1
-0.05634 1.3
-0.05609 2.5
-0.05585 3.7
-0.0556 4.8
-0.05536 6.0
-0.05511 7.1
-0.05487 8.2
-0.05463 9.3
-0.05438 10.3
-0.05414 11.3
-0.05389 12.3
-0.05365 13.2
-0.05341 14.1
-0.05316 14.9
-0.05292 15.6
-0.05267 16.3
-0.05243 17.0
-0.05219 17.5
-0.05194 18.0
-0.0517 18.5
-0.05145 18.8
-0.05121 19.1
-0.05096 19.3
-0.05072 19.4
-0.05048 19.4
-0.05023 19.3
-0.04999 19.2
-0.04974 19.0
-0.0495 18.7
-0.04926 18.3
-0.04901 17.9
-0.04877 17.3
-0.04852 16.7
-0.04828 16.0
-0.04803 15.2
-0.04779 14.4
-0.04755 13.5
-0.0473 12.5
-0.04706 11.5
-0.04681 10.4
-0.04657 9.3
-0.04633 8.1
-0.04608 6.9
-0.04584 5.7
-0.04559 4.4
-0.04535 3.1
-0.0451 1.7
-0.04486 0.4
-0.04462 -1.0
-0.04437 -2.3
-0.04413 -3.7
-0.04388 -5.0
-0.04364 -6.3
-0.0434 -7.6
-0.04315 -8.9
-0.04291 -10.1
-0.04266 -11.3
-0.04242 -12.5
-0.04218 -13.6
-0.04193 -14.6
-0.04169 -15.6
-0.04144 -16.5
-0.0412 -17.3
-0.04095 -18.0
-0.04071 -18.7
-0.04047 -19.2
-0.04022 -19.7
-0.03998 -20.1
-0.03973 -20.4
-0.03949 -20.5
-0.03925 -20.6
-0.039 -20.6
-0.03876 -20.4
-0.03851 -20.2
-0.03827 -19.9
-0.03802 -19.4
-0.03778 -18.9
-0.03754 -18.2
-0.03729 -17.5
-0.03705 -16.6
-0.0368 -15.7
-0.03656 -14.6
-0.03632 -13.5
-0.03607 -12.3
-0.03583 -11.1
-0.03558 -9.7
-0.03534 -8.3
-0.0351 -6.9
-0.03485 -5.4
-0.03461 -3.9
-0.03436 -2.3
-0.03412 -0.7
-0.03387 0.9
-0.03363 2.5
-0.03339 4.1
-0.03314 5.6
-0.0329 7.2
-0.03265 8.7
-0.03241 10.2
-0.03217 11.7
-0.03192 13.1
-0.03168 14.4
-0.03143 15.6
-0.03119 16.8
-0.03094 17.8
-0.0307 18.8
-0.03046 19.6
-0.03021 20.4
-0.02997 21.0
-0.02972 21.5
-0.02948 21.8
-0.02924 22.1
-0.02899 22.2
-0.02875 22.1
-0.0285 21.9
-0.02826 21.6
-0.02802 21.1
-0.02777 20.5
-0.02753 19.8
-0.02728 18.9
-0.02704 17.9
-0.02679 16.7
-0.02655 15.5
-0.02631 14.1
-0.02606 12.6
-0.02582 11.0
-0.02557 9.3
-0.02533 7.6
-0.02509 5.8
-0.02484 3.9
-0.0246 2.0
-0.02435 0.0
-0.02411 -1.9
-0.02386 -3.9
-0.02362 -5.8
-0.02338 -7.8
-0.02313 -9.6
-0.02289 -11.5
-0.02264 -13.2
-0.0224 -14.9
-0.02216 -16.5
-0.02191 -18.0
-0.02167 -19.3
-0.02142 -20.5
-0.02118 -21.6
-0.02094 -22.4
-0.02069 -23.2
-0.02045 -23.7
-0.0202 -24.1
-0.01996 -24.2
-0.01971 -24.2
-0.01947 -23.9
-0.01923 -23.5
-0.01898 -22.8
-0.01874 -21.9
-0.01849 -20.9
-0.01825 -19.6
-0.01801 -18.2
-0.01776 -16.5
-0.01752 -14.8
-0.01727 -12.8
-0.01703 -10.7
-0.01678 -8.5
-0.01654 -6.2
-0.0163 -3.8
-0.01605 -1.3
-0.01581 1.2
-0.01556 3.8
-0.01532 6.3
-0.01508 8.8
-0.01483 11.2
-0.01459 13.6
-0.01434 15.8
-0.0141 17.9
-0.01385 19.9
-0.01361 21.7
-0.01337 23.2
-0.01312 24.5
-0.01288 25.6
-0.01263 26.3
-0.01239 26.8
-0.01215 27.0
-0.0119 26.9
-0.01166 26.4
-0.01141 25.6
-0.01117 24.5
-0.01093 23.0
-0.01068 21.2
-0.01044 19.2
-0.01019 16.8
-0.00995 14.2
-0.0097 11.3
-0.00946 8.2
-0.00922 5.0
-0.00897 1.6
-0.00873 -1.9
-0.00848 -5.4
-0.00824 -8.9
-0.008 -12.3
-0.00775 -15.6
-0.00751 -18.7
-0.00726 -21.6
-0.00702 -24.2
-0.00677 -26.4
-0.00653 -28.2
-0.00629 -29.6
-0.00604 -30.4
-0.0058 -30.7
-0.00555 -30.5
-0.00531 -29.6
-0.00507 -28.2
-0.00482 -26.1
-0.00458 -23.4
-0.00433 -20.2
-0.00409 -16.4
-0.00385 -12.2
-0.0036 -7.5
-0.00336 -2.6
-0.00311 2.6
-0.00287 7.8
-0.00262 13.0
-0.00238 18.0
-0.00214 22.6
-0.00189 26.7
-0.00165 30.2
-0.0014 32.8
-0.00116 34.4
-0.00092 34.8
-0.00067 34.0
-0.00043 31.8
-0.00018 28.3
6e-05 23.5
0.00031 17.6
0.00055 10.7
0.00079 3.2
0.00104 -4.5
0.00128 -12.1
0.00153 -19.0
0.00177 -24.9
0.00201 -29.3
0.00226 -31.9
0.0025 -32.5
0.00275 -30.9
0.00299 -27.4
0.00323 -22.1
0.00348 -15.4
0.00372 -7.9
0.00397 -0.2
0.00421 7.2
0.00446 13.7
0.0047 18.8
0.00494 22.2
0.00519 23.6
0.00543 23.0
0.00568 20.7
0.00592 16.8
0.00616 11.8
0.00641 6.2
0.00665 0.5
0.0069 -4.8
0.00714 -9.2
0.00739 -12.5
0.00763 -14.4
0.00787 -14.9
0.00812 -14.0
0.00836 -11.9
0.00861 -9.0
0.00885 -5.5
0.00909 -1.9
0.00934 1.6
0.00958 4.6
0.00983 6.9
0.01007 8.4
0.01031 8.9
0.01056 8.5
0.0108 7.4
0.01105 5.7
0.01129 3.6
0.01154 1.4
0.01178 -0.7
0.01202 -2.6
0.01227 -4.0
0.01251 -4.9
0.01276 -5.3
0.013 -5.1
0.01324 -4.5
0.01349 -3.4
0.01373 -2.2
0.01398 -0.8
0.01422 0.5
0.01447 1.6
0.01471 2.4
0.01495 3.0
0.0152 3.2
0.01544 3.1
0.01569 2.7
0.01593 2.0
0.01617 1.3
0.01642 0.5
0.01666 -0.3
0.01691 -1.0
0.01715 -1.5
0.0174 -1.8
0.01764 -1.9
0.01788 -1.8
0.01813 -1.6
0.01837 -1.2
0.01862 -0.7
0.01886 -0.2
0.0191 0.2
0.01935 0.6
0.01959 0.9
0.01984 1.1
0.02008 1.2
0.02032 1.1
0.02057 0.9
0.02081 0.7
0.02106 0.4
0.0213 0.1
0.02155 -0.2
0.02179 -0.4
0.02203 -0.6
0.02228 -0.7
0.02252 -0.7
0.02277 -0.7
0.02301 -0.6
0.02325 -0.4
0.0235 -0.2
0.02374 0.0
0.02399 0.1
0.02423 0.3
0.02448 0.4
0.02472 0.4
0.02496 0.4
0.02521 0.4
0.02545 0.3
0.0257 0.2
0.02594 0.1
0.02618 0.0
0.02643 0.0
0.02667 -0.2
0.02692 -0.2
0.02716 -0.3
0.0274 -0.3
0.02765 -0.2
0.02789 -0.2
0.02814 -0.1
0.02838 0.0
0.02863 0.0
0.02887 0.0
0.02911 0.1
0.02936 0.1
0.0296 0.2
0.02985 0.2
0.03009 0.1
0.03033 0.1
0.03058 0.0
0.03082 0.0
0.03107 0.0
0.03131 0.0
0.03156 0.0
0.0318 0.0
0.03204 0.0
0.03229 0.0
0.03253 0.0
0.03278 0.0
0.03302 0.0
0.03326 0.0
0.03351 0.0
0.03375 0.0
0.034 0.0
0.03424 0.0
0.03448 0.0
0.03473 0.0
0.03497 0.0
0.03522 0.0
0.03546 0.0
0.03571 0.0
0.03595 0.0
0.03619 0.0
0.03644 0.0
0.03668 0.0
0.03693 0.0
0.03717 0.0
0.03741 0.0
0.03766 0.0
0.0379 0.0
0.03815 0.0
0.03839 0.0
0.03864 0.0
0.03888 0.0
0.03912 0.0
0.03937 0.0
0.03961 0.0
0.03986 0.0
0.0401 0.0
0.04034 0.0
0.04059 0.0
0.04083 0.0
0.04108 0.0
0.04132 0.0
0.04156 0.0
0.04181 0.0
0.04205 0.0
0.0423 0.0
0.04254 0.0
0.04279 0.0
0.04303 0.0
0.04327 0.0
0.04352 0.0
0.04376 0.0
0.04401 0.0
0.04425 0.0
0.04449 0.0
0.04474 0.0
0.04498 0.0
0.04523 0.0
0.04547 0.0
0.04572 0.0
0.04596 0.0
0.0462 0.0
0.04645 0.0
0.04669 0.0
0.04694 0.0
0.04718 0.0
0.04742 0.0
0.04767 0.0
0.04791 0.0
0.04816 0.0
0.0484 0.0
0.04865 0.0
0.04889 0.0
0.04913 0.0
0.04938 0.0
0.04962 0.0
0.04987 0.0
0.05011 0.0
0.05035 0.0
0.0506 0.0
0.05084 0.0
0.05109 0.0
0.05133 0.0
0.05157 0.0
0.05182 0.0
0.05206 0.0
0.05231 0.0
0.05255 0.0
0.0528 0.0
0.05304 0.0
0.05328 0.0
0.05353 0.0
0.05377 0.0
0.05402 0.0
0.05426 0.0
0.0545 0.0
0.05475 0.0
0.05499 0.0
0.05524 0.0
0.05548 0.0
0.05573 0.0
0.05597 0.0
0.05621 0.0
0.05646 0.0
0.0567 0.0
0.05695 0.0
0.05719 0.0
0.05743 0.0
0.05768 0.0
0.05792 0.0
0.05817 0.0
0.05841 0.0
0.05865 0.0
0.0589 0.0
0.05914 0.0
0.05939 0.0
0.05963 0.0
0.05988 0.0
0.06012 0.0
0.06036 0.0
0.06061 0.0
0.06085 0.0
0.0611 0.0
0.06134 0.0
0.06158 0.0
0.06183 0.0
0.06207 0.0
0.06232 0.0
0.06256 0.0
0.06281 0.0
0.06305 0.0
0.06329 0.0
0.06354 0.0
0.06378 0.0
0.06403 0.0
0.06427 0.0
0.06451 0.0
0.06476 0.0
0.065 0.0
0.06525 0.0
0.06549 0.0
0.06573 0.0
0.06598 0.0
0.06622 0.0
0.06647 0.0
0.06671 0.0
0.06696 0.0
0.0672 0.0
0.06744 0.0
0.06769 0.0
0.06793 0.0
0.06818 0.0
0.06842 0.0
0.06866 0.0
0.06891 0.0
0.06915 0.0
0.0694 0.0
0.06964 0.0
0.06989 0.0
0.07013 0.0
0.07037 0.0
0.07062 0.0
0.07086 0.0
0.07111 0.0
0.07135 0.0
0.07159 0.0
0.07184 0.0
0.07208 0.0
0.07233 0.0
0.07257 0.0
0.07281 0.0
0.07306 0.0
0.0733 0.0
0.07355 0.0
0.07379 0.0
0.07404 0.0
0.07428 0.0
0.07452 0.0
0.07477 0.0
0.07501 0.0
0.07526 0.0
0.0755 0.0
0.07574 0.0
0.07599 0.0
0.07623 0.0
0.07648 0.0
0.07672 0.0
0.07697 0.0
0.07721 0.0
0.07745 0.0
0.0777 0.0
0.07794 0.0
0.07819 0.0
0.07843 0.0
0.07867 0.0
0.07892 0.0
0.07916 0.0
0.07941 0.0
0.07965 0.0
0.0799 0.0
0.08014 0.0
0.08038 0.0
0.08063 0.0
0.08087 0.0
0.08112 0.0
0.08136 0.0
0.0816 0.0
0.08185 0.0
0.08209 0.0
0.08234 0.0
0.08258 0.0
0.08282 0.0
0.08307 0.0
0.08331 0.0
0.08356 0.0
0.0838 0.0
0.08405 0.0
0.08429 0.0
0.08453 0.0
0.08478 0.0
0.08502 0.0
0.08527 0.0
0.08551 0.0
0.08575 0.0
0.086 0.0
0.08624 0.0
0.08649 0.0
0.08673 0.0
0.08698 0.0
0.08722 0.0
0.08746 0.0
0.08771 0.0
0.08795 0.0
0.0882 0.0
0.08844 0.0
0.08868 0.0
0.08893 0.0
0.08917 0.0
0.08942 0.0
0.08966 0.0
0.0899 0.0
0.09015 0.0
0.09039 0.0
0.09064 0.0
0.09088 0.0
0.09113 0.0
0.09137 0.0
0.09161 0.0
0.09186 0.0
0.0921 0.0
0.09235 0.0
0.09259 0.0
0.09283 0.0
0.09308 0.0
0.09332 0.0
0.09357 0.0
0.09381 0.0
0.09406 0.0
0.0943 0.0
0.09454 0.0
0.09479 0.0
0.09503 0.0
0.09528 0.0
0.09552 0.0
0.09576 0.0
0.09601 0.0
0.09625 0.0
0.0965 0.0
0.09674 0.0
0.09698 0.0
0.09723 0.0
0.09747 0.0
0.09772 0.0
0.09796 0.0
0.09821 0.0
0.09845 0.0
0.09869 0.0
0.09894 0.0
0.09918 0.0
0.09943 0.0
0.09967 0.0
0.09991 0.0
0.10016 0.0
0.1004 0.0
0.10065 0.0
0.10089 0.0
0.10114 0.0
0.10138 0.0
0.10162 0.0
0.10187 0.0
0.10211 0.0
0.10236 0.0
0.1026 0.0
0.10284 0.0
0.10309 0.0
0.10333 0.0
0.10358 0.0
0.10382 0.0
0.10406 0.0
0.10431 0.0
0.10455 0.0
0.1048 0.0
0.10504 0.0
0.10529 0.0
0.10553 0.0
0.10577 0.0
0.10602 0.0
0.10626 0.0
0.10651 0.0
0.10675 0.0
0.10699 0.0
0.10724 0.0
0.10748 0.0
0.10773 0.0
0.10797 0.0
0.10822 0.0
0.10846 0.0
0.1087 0.0
0.10895 0.0
0.10919 0.0
0.10944 0.0
0.10968 0.0
0.10992 0.0
0.11017 0.0
0.11041 0.0
0.11066 0.0
0.1109 0.0
0.11115 0.0
0.11139 0.0
0.11163 0.0
0.11188 0.0
0.11212 0.0
0.11237 0.0
0.11261 0.0
0.11285 0.0
0.1131 0.0
0.11334 0.0
0.11359 0.0
0.11383 0.0
0.11407 0.0
0.11432 0.0
0.11456 0.0
0.11481 0.0
0.11505 0.0
0.1153 0.0
0.11554 0.0
0.11578 0.0
0.11603 0.0
0.11627 0.0
0.11652 0.0
0.11676 0.0
0.117 0.0
0.11725 0.0
0.11749 0.0
0.11774 0.0
0.11798 0.0
0.11823 0.0
0.11847 0.0
0.11871 0.0
0.11896 0.0
0.1192 0.0
0.11945 0.0
0.11969 0.0
0.11993 0.0
0.12018 0.0
0.12042 0.0
0.12067 0.0
0.12091 0.0
0.12115 0.0
0.1214 0.0
0.12164 0.0
0.12189 0.0
0.12213 0.0
0.12238 0.0
0.12262 0.0
0.12286 0.0
0.12311 0.0
0.12335 0.0
0.1236 0.0
0.12384 0.0
0.12408 0.0
0.12433 0.0
0.12457 0.0
0.12482 0.0
0.12506 0.0
0.12531 0.0
0.12555 0.0
0.12579 0.0
0.12604 0.0
0.12628 0.0
0.12653 0.0
0.12677 0.0
0.12701 0.0
0.12726 0.0
0.1275 0.0
0.12775 0.0
0.12799 0.0
0.12823 0.0
0.12848 0.0
0.12872 0.0
0.12897 0.0
0.12921 0.0
0.12946 0.0
0.1297 0.0
0.12994 0.0
0.13019 0.0
0.13043 0.0
0.13068 0.0
0.13092 0.0
0.13116 0.0
0.13141 0.0
0.13165 0.0
0.1319 0.0
0.13214 0.0
0.13239 0.0
0.13263 0.0
0.13287 0.0
0.13312 0.0
0.13336 0.0
0.13361 0.0
0.13385 0.0
0.13409 0.0
0.13434 0.0
0.13458 0.0
0.13483 0.0
0.13507 0.0
0.13531 0.0
0.13556 0.0
0.1358 0.0
0.13605 0.0
0.13629 0.0
0.13654 0.0
0.13678 0.0
0.13702 0.0
0.13727 0.0
0.13751 0.0
0.13776 0.0
0.138 0.0
0.13824 0.0
0.13849 0.0
0.13873 0.0
0.13898 0.0
0.13922 0.0
0.13947 0.0
0.13971 0.0
0.13995 0.0
0.1402 0.0
0.14044 0.0
0.14069 0.0
0.14093 0.0
0.14117 0.0
0.14142 0.0
0.14166 0.0
0.14191 0.0
0.14215 0.0
0.1424 0.0
0.14264 0.0
0.14288 0.0
0.14313 0.0
0.14337 0.0
0.14362 0.0
0.14386 0.0
0.1441 0.0
0.14435 0.0
0.14459 0.0
0.14484 0.0
0.14508 0.0
0.14532 0.0
0.14557 0.0
0.14581 0.0
0.14606 0.0
0.1463 0.0
0.14655 0.0
0.14679 0.0
0.14703 0.0
0.14728 0.0
0.14752 0.0
0.14777 0.0
0.14801 0.0
0.14825 0.0
0.1485 0.0
0.14874 0.0
0.14899 0.0
0.14923 0.0
0.14948 0.0
0.14972 0.0
0.14996 0.0
0.15021 0.0
0.15045 0.0
0.1507 0.0
0.15094 0.0
0.15118 0.0
0.15143 0.0
0.15167 0.0
0.15192 0.0
0.15216 0.0
0.1524 0.0
0.15265 0.0
0.15289 0.0
0.15314 0.0
0.15338 0.0
0.15363 0.0
0.15387 0.0
0.15411 0.0
0.15436 0.0
0.1546 0.0
0.15485 0.0
0.15509 0.0
0.15533 0.0
0.15558 0.0
0.15582 0.0
0.15607 0.0
0.15631 0.0
0.15656 0.0
0.1568 0.0
0.15704 0.0
0.15729 0.0
0.15753 0.0
0.15778 0.0
0.15802 0.0
0.15826 0.0
0.15851 0.0
0.15875 0.0
0.159 0.0
0.15924 0.0
0.15948 0.0
0.15973 0.0
0.15997 0.0
0.16022 0.0
0.16046 0.0
0.16071 0.0
0.16095 0.0
0.16119 0.0
0.16144 0.0
0.16168 0.0
0.16193 0.0
0.16217 0.0
0.16241 0.0
0.16266 0.0
0.1629 0.0
0.16315 0.0
0.16339 0.0
0.16364 0.0
0.16388 0.0
0.16412 0.0
0.16437 0.0
0.16461 0.0
0.16486 0.0
0.1651 0.0
0.16534 0.0
0.16559 0.0
0.16583 0.0
0.16608 0.0
0.16632 0.0
0.16656 0.0
0.16681 0.0
0.16705 0.0
0.1673 0.0
0.16754 0.0
0.16779 0.0
0.16803 0.0
0.16827 0.0
0.16852 0.0
0.16876 0.0
0.16901 0.0
0.16925 0.0
0.16949 0.0
0.16974 0.0
0.16998 0.0
0.17023 0.0
0.17047 0.0
0.17072 0.0
0.17096 0.0
0.1712 0.0
0.17145 0.0
0.17169 0.0
0.17194 0.0
0.17218 0.0
0.17242 0.0
0.17267 0.0
0.17291 0.0
0.17316 0.0
0.1734 0.0
0.17365 0.0
0.17389 0.0
0.17413 0.0
0.17438 0.0
0.17462 0.0
0.17487 0.0
0.17511 0.0
0.17535 0.0
0.1756 0.0
0.17584 0.0
0.17609 0.0
0.17633 0.0
0.17657 0.0
0.17682 0.0
0.17706 0.0
0.17731 0.0
0.17755 0.0
0.1778 0.0
0.17804 0.0
0.17828 0.0
0.17853 0.0
0.17877 0.0
0.17902 0.0
0.17926 0.0
0.1795 0.0
0.17975 0.0
0.17999 0.0
0.18024 0.0
0.18048 0.0
0.18073 0.0
0.18097 0.0
0.18121 0.0
0.18146 0.0
0.1817 0.0
0.18195 0.0
0.18219 0.0
0.18243 0.0
0.18268 0.0
0.18292 0.0
0.18317 0.0
0.18341 0.0
0.18365 0.0
0.1839 0.0
0.18414 0.0
0.18439 0.0
0.18463 0.0
0.18488 0.0
0.18512 0.0
0.18536 0.0
0.18561 0.0
0.18585 0.0
0.1861 0.0
0.18634 0.0
0.18658 0.0
0.18683 0.0
0.18707 0.0
0.18732 0.0
0.18756 0.0
0.18781 0.0
0.18805 0.0
0.18829 0.0
0.18854 0.0
0.18878 0.0
0.18903 0.0
0.18927 0.0
0.18951 0.0
0.18976 0.0
0.19 0.0
0.19025 0.0
0.19049 0.0
0.19073 0.0
0.19098 0.0
0.19122 0.0
0.19147 0.0
0.19171 0.0
0.19196 0.0
0.1922 0.0
0.19244 0.0
0.19269 0.0
0.19293 0.0
0.19318 0.0
0.19342 0.0
0.19366 0.0
0.19391 0.0
0.19415 0.0
0.1944 0.0
0.19464 0.0
0.19489 0.0
0.19513 0.0
