t strain*1e23
-1.30463 -4.4
-1.30438 -4.6
-1.30414 -4.9
-1.30389 -5.1
-1.30365 -5.4
-1.30341 -5.6
-1.30316 -5.8
-1.30292 -6.1
-1.30267 -6.3
-1.30243 -6.5
-1.30219 -6.7
-1.30194 -6.9
-1.3017 -7.0
-1.30145 -7.2
-1.30121 -7.4
-1.30096 -7.5
-1.30072 -7.6
-1.30048 -7.8
-1.30023 -7.9
-1.29999 -8.0
-1.29974 -8.1
-1.2995 -8.2
-1.29926 -8.2
-1.29901 -8.3
-1.29877 -8.3
-1.29852 -8.4
-1.29828 -8.4
-1.29803 -8.4
-1.29779 -8.4
-1.29755 -8.4
-1.2973 -8.4
-1.29706 -8.4
-1.29681 -8.3
-1.29657 -8.3
-1.29633 -8.2
-1.29608 -8.1
-1.29584 -8.0
-1.29559 -7.9
-1.29535 -7.8
-1.2951 -7.7
-1.29486 -7.6
-1.29462 -7.4
-1.29437 -7.3
-1.29413 -7.1
-1.29388 -6.9
-1.29364 -6.8
-1.2934 -6.6
-1.29315 -6.4
-1.29291 -6.2
-1.29266 -5.9
-1.29242 -5.7
-1.29218 -5.5
-1.29193 -5.2
-1.29169 -5.0
-1.29144 -4.7
-1.2912 -4.5
-1.29095 -4.2
-1.29071 -3.9
-1.29047 -3.6
-1.29022 -3.4
-1.28998 -3.1
-1.28973 -2.8
-1.28949 -2.5
-1.28925 -2.2
-1.289 -1.9
-1.28876 -1.6
-1.28851 -1.3
-1.28827 -1.0
-1.28802 -0.6
-1.28778 -0.3
-1.28754 0.0
-1.28729 0.3
-1.28705 0.6
-1.2868 0.9
-1.28656 1.2
-1.28632 1.5
-1.28607 1.9
-1.28583 2.2
-1.28558 2.5
-1.28534 2.8
-1.2851 3.1
-1.28485 3.3
-1.28461 3.6
-1.28436 3.9
-1.28412 4.2
-1.28387 4.5
-1.28363 4.7
-1.28339 5.0
-1.28314 5.2
-1.2829 5.5
-1.28265 5.7
-1.28241 5.9
-1.28217 6.2
-1.28192 6.4
-1.28168 6.6
-1.28143 6.8
-1.28119 6.9
-1.28094 7.1
-1.2807 7.3
-1.28046 7.4
-1.28021 7.6
-1.27997 7.7
-1.27972 7.8
-1.27948 7.9
-1.27924 8.1
-1.27899 8.1
-1.27875 8.2
-1.2785 8.3
-1.27826 8.3
-1.27802 8.4
-1.27777 8.4
-1.27753 8.4
-1.27728 8.5
-1.27704 8.4
-1.27679 8.4
-1.27655 8.4
-1.27631 8.4
-1.27606 8.3
-1.27582 8.3
-1.27557 8.2
-1.27533 8.1
-1.27509 8.0
-1.27484 7.9
-1.2746 7.8
-1.27435 7.7
-1.27411 7.5
-1.27386 7.4
-1.27362 7.2
-1.27338 7.0
-1.27313 6.9
-1.27289 6.7
-1.27264 6.5
-1.2724 6.3
-1.27216 6.1
-1.27191 5.8
-1.27167 5.6
-1.27142 5.4
-1.27118 5.1
-1.27094 4.9
-1.27069 4.6
-1.27045 4.3
-1.2702 4.1
-1.26996 3.8
-1.26971 3.5
-1.26947 3.2
-1.26923 2.9
-1.26898 2.6
-1.26874 2.3
-1.26849 2.0
-1.26825 1.7
-1.26801 1.4
-1.26776 1.1
-1.26752 0.8
-1.26727 0.4
-1.26703 0.1
-1.26678 -0.2
-1.26654 -0.5
-1.2663 -0.8
-1.26605 -1.1
-1.26581 -1.4
-1.26556 -1.8
-1.26532 -2.1
-1.26508 -2.4
-1.26483 -2.7
-1.26459 -3.0
-1.26434 -3.3
-1.2641 -3.6
-1.26385 -3.8
-1.26361 -4.1
-1.26337 -4.4
-1.26312 -4.7
-1.26288 -4.9
-1.26263 -5.2
-1.26239 -5.4
-1.26215 -5.7
-1.2619 -5.9
-1.26166 -6.1
-1.26141 -6.3
-1.26117 -6.5
-1.26093 -6.7
-1.26068 -6.9
-1.26044 -7.1
-1.26019 -7.3
-1.25995 -7.4
-1.2597 -7.6
-1.25946 -7.7
-1.25922 -7.8
-1.25897 -8.0
-1.25873 -8.1
-1.25848 -8.2
-1.25824 -8.2
-1.258 -8.3
-1.25775 -8.4
-1.25751 -8.4
-1.25726 -8.4
-1.25702 -8.5
-1.25677 -8.5
-1.25653 -8.5
-1.25629 -8.5
-1.25604 -8.4
-1.2558 -8.4
-1.25555 -8.4
-1.25531 -8.3
-1.25507 -8.2
-1.25482 -8.1
-1.25458 -8.0
-1.25433 -7.9
-1.25409 -7.8
-1.25385 -7.7
-1.2536 -7.6
-1.25336 -7.4
-1.25311 -7.2
-1.25287 -7.1
-1.25262 -6.9
-1.25238 -6.7
-1.25214 -6.5
-1.25189 -6.3
-1.25165 -6.1
-1.2514 -5.9
-1.25116 -5.6
-1.25092 -5.4
-1.25067 -5.1
-1.25043 -4.9
-1.25018 -4.6
-1.24994 -4.3
-1.24969 -4.1
-1.24945 -3.8
-1.24921 -3.5
-1.24896 -3.2
-1.24872 -2.9
-1.24847 -2.6
-1.24823 -2.3
-1.24799 -2.0
-1.24774 -1.7
-1.2475 -1.4
-1.24725 -1.0
-1.24701 -0.7
-1.24677 -0.4
-1.24652 0.0
-1.24628 0.2
-1.24603 0.6
-1.24579 0.9
-1.24554 1.2
-1.2453 1.5
-1.24506 1.8
-1.24481 2.1
-1.24457 2.4
-1.24432 2.7
-1.24408 3.0
-1.24384 3.3
-1.24359 3.6
-1.24335 3.9
-1.2431 4.2
-1.24286 4.5
-1.24261 4.7
-1.24237 5.0
-1.24213 5.3
-1.24188 5.5
-1.24164 5.7
-1.24139 6.0
-1.24115 6.2
-1.24091 6.4
-1.24066 6.6
-1.24042 6.8
-1.24017 7.0
-1.23993 7.2
-1.23969 7.4
-1.23944 7.5
-1.2392 7.7
-1.23895 7.8
-1.23871 7.9
-1.23846 8.0
-1.23822 8.1
-1.23798 8.2
-1.23773 8.3
-1.23749 8.4
-1.23724 8.4
-1.237 8.5
-1.23676 8.5
-1.23651 8.5
-1.23627 8.5
-1.23602 8.5
-1.23578 8.5
-1.23553 8.5
-1.23529 8.4
-1.23505 8.4
-1.2348 8.3
-1.23456 8.2
-1.23431 8.1
-1.23407 8.0
-1.23383 7.9
-1.23358 7.8
-1.23334 7.7
-1.23309 7.5
-1.23285 7.4
-1.2326 7.2
-1.23236 7.0
-1.23212 6.8
-1.23187 6.6
-1.23163 6.4
-1.23138 6.2
-1.23114 6.0
-1.2309 5.8
-1.23065 5.5
-1.23041 5.3
-1.23016 5.0
-1.22992 4.8
-1.22968 4.5
-1.22943 4.2
-1.22919 3.9
-1.22894 3.6
-1.2287 3.3
-1.22845 3.0
-1.22821 2.7
-1.22797 2.4
-1.22772 2.1
-1.22748 1.8
-1.22723 1.5
-1.22699 1.2
-1.22675 0.9
-1.2265 0.5
-1.22626 0.2
-1.22601 -0.1
-1.22577 -0.4
-1.22552 -0.8
-1.22528 -1.1
-1.22504 -1.4
-1.22479 -1.7
-1.22455 -2.0
-1.2243 -2.3
-1.22406 -2.6
-1.22382 -3.0
-1.22357 -3.3
-1.22333 -3.5
-1.22308 -3.8
-1.22284 -4.1
-1.2226 -4.4
-1.22235 -4.7
-1.22211 -4.9
-1.22186 -5.2
-1.22162 -5.5
-1.22137 -5.7
-1.22113 -5.9
-1.22089 -6.2
-1.22064 -6.4
-1.2204 -6.6
-1.22015 -6.8
-1.21991 -7.0
-1.21967 -7.2
-1.21942 -7.3
-1.21918 -7.5
-1.21893 -7.7
-1.21869 -7.8
-1.21844 -7.9
-1.2182 -8.0
-1.21796 -8.1
-1.21771 -8.2
-1.21747 -8.3
-1.21722 -8.4
-1.21698 -8.4
-1.21674 -8.5
-1.21649 -8.5
-1.21625 -8.5
-1.216 -8.5
-1.21576 -8.5
-1.21552 -8.5
-1.21527 -8.5
-1.21503 -8.5
-1.21478 -8.4
-1.21454 -8.3
-1.21429 -8.3
-1.21405 -8.2
-1.21381 -8.1
-1.21356 -8.0
-1.21332 -7.8
-1.21307 -7.7
-1.21283 -7.6
-1.21259 -7.4
-1.21234 -7.2
-1.2121 -7.1
-1.21185 -6.9
-1.21161 -6.7
-1.21136 -6.5
-1.21112 -6.2
-1.21088 -6.0
-1.21063 -5.8
-1.21039 -5.5
-1.21014 -5.3
-1.2099 -5.0
-1.20966 -4.8
-1.20941 -4.5
-1.20917 -4.2
-1.20892 -3.9
-1.20868 -3.6
-1.20844 -3.3
-1.20819 -3.0
-1.20795 -2.7
-1.2077 -2.4
-1.20746 -2.1
-1.20721 -1.8
-1.20697 -1.5
-1.20673 -1.2
-1.20648 -0.8
-1.20624 -0.5
-1.20599 -0.2
-1.20575 0.1
-1.20551 0.5
-1.20526 0.8
-1.20502 1.1
-1.20477 1.4
-1.20453 1.8
-1.20428 2.1
-1.20404 2.4
-1.2038 2.7
-1.20355 3.0
-1.20331 3.3
-1.20306 3.6
-1.20282 3.9
-1.20258 4.2
-1.20233 4.5
-1.20209 4.7
-1.20184 5.0
-1.2016 5.3
-1.20135 5.5
-1.20111 5.8
-1.20087 6.0
-1.20062 6.2
-1.20038 6.5
-1.20013 6.7
-1.19989 6.9
-1.19965 7.1
-1.1994 7.2
-1.19916 7.4
-1.19891 7.6
-1.19867 7.7
-1.19843 7.9
-1.19818 8.0
-1.19794 8.1
-1.19769 8.2
-1.19745 8.3
-1.1972 8.4
-1.19696 8.4
-1.19672 8.5
-1.19647 8.5
-1.19623 8.6
-1.19598 8.6
-1.19574 8.6
-1.1955 8.6
-1.19525 8.6
-1.19501 8.5
-1.19476 8.5
-1.19452 8.4
-1.19427 8.3
-1.19403 8.3
-1.19379 8.2
-1.19354 8.1
-1.1933 7.9
-1.19305 7.8
-1.19281 7.7
-1.19257 7.5
-1.19232 7.4
-1.19208 7.2
-1.19183 7.0
-1.19159 6.8
-1.19135 6.6
-1.1911 6.4
-1.19086 6.2
-1.19061 5.9
-1.19037 5.7
-1.19012 5.4
-1.18988 5.2
-1.18964 4.9
-1.18939 4.7
-1.18915 4.4
-1.1889 4.1
-1.18866 3.8
-1.18842 3.5
-1.18817 3.2
-1.18793 2.9
-1.18768 2.6
-1.18744 2.3
-1.18719 1.9
-1.18695 1.6
-1.18671 1.3
-1.18646 1.0
-1.18622 0.6
-1.18597 0.3
-1.18573 0.0
-1.18549 -0.3
-1.18524 -0.7
-1.185 -1.0
-1.18475 -1.3
-1.18451 -1.6
-1.18427 -2.0
-1.18402 -2.3
-1.18378 -2.6
-1.18353 -2.9
-1.18329 -3.2
-1.18304 -3.5
-1.1828 -3.8
-1.18256 -4.1
-1.18231 -4.4
-1.18207 -4.7
-1.18182 -5.0
-1.18158 -5.2
-1.18134 -5.5
-1.18109 -5.7
-1.18085 -6.0
-1.1806 -6.2
-1.18036 -6.4
-1.18011 -6.6
-1.17987 -6.8
-1.17963 -7.0
-1.17938 -7.2
-1.17914 -7.4
-1.17889 -7.6
-1.17865 -7.7
-1.17841 -7.9
-1.17816 -8.0
-1.17792 -8.1
-1.17767 -8.2
-1.17743 -8.3
-1.17719 -8.4
-1.17694 -8.5
-1.1767 -8.5
-1.17645 -8.6
-1.17621 -8.6
-1.17596 -8.6
-1.17572 -8.6
-1.17548 -8.6
-1.17523 -8.6
-1.17499 -8.6
-1.17474 -8.5
-1.1745 -8.5
-1.17426 -8.4
-1.17401 -8.3
-1.17377 -8.2
-1.17352 -8.1
-1.17328 -8.0
-1.17303 -7.9
-1.17279 -7.7
-1.17255 -7.6
-1.1723 -7.4
-1.17206 -7.2
-1.17181 -7.0
-1.17157 -6.8
-1.17133 -6.6
-1.17108 -6.4
-1.17084 -6.2
-1.17059 -6.0
-1.17035 -5.7
-1.1701 -5.5
-1.16986 -5.2
-1.16962 -4.9
-1.16937 -4.7
-1.16913 -4.4
-1.16888 -4.1
-1.16864 -3.8
-1.1684 -3.5
-1.16815 -3.2
-1.16791 -2.9
-1.16766 -2.6
-1.16742 -2.3
-1.16718 -1.9
-1.16693 -1.6
-1.16669 -1.3
-1.16644 -1.0
-1.1662 -0.6
-1.16595 -0.3
-1.16571 0.0
-1.16547 0.4
-1.16522 0.7
-1.16498 1.0
-1.16473 1.4
-1.16449 1.7
-1.16425 2.0
-1.164 2.3
-1.16376 2.7
-1.16351 3.0
-1.16327 3.3
-1.16302 3.6
-1.16278 3.9
-1.16254 4.2
-1.16229 4.5
-1.16205 4.7
-1.1618 5.0
-1.16156 5.3
-1.16132 5.5
-1.16107 5.8
-1.16083 6.0
-1.16058 6.3
-1.16034 6.5
-1.1601 6.7
-1.15985 6.9
-1.15961 7.1
-1.15936 7.3
-1.15912 7.5
-1.15887 7.6
-1.15863 7.8
-1.15839 7.9
-1.15814 8.1
-1.1579 8.2
-1.15765 8.3
-1.15741 8.4
-1.15717 8.4
-1.15692 8.5
-1.15668 8.6
-1.15643 8.6
-1.15619 8.6
-1.15594 8.6
-1.1557 8.6
-1.15546 8.6
-1.15521 8.6
-1.15497 8.6
-1.15472 8.5
-1.15448 8.5
-1.15424 8.4
-1.15399 8.3
-1.15375 8.2
-1.1535 8.1
-1.15326 8.0
-1.15302 7.8
-1.15277 7.7
-1.15253 7.5
-1.15228 7.4
-1.15204 7.2
-1.15179 7.0
-1.15155 6.8
-1.15131 6.6
-1.15106 6.4
-1.15082 6.1
-1.15057 5.9
-1.15033 5.6
-1.15009 5.4
-1.14984 5.1
-1.1496 4.8
-1.14935 4.6
-1.14911 4.3
-1.14886 4.0
-1.14862 3.7
-1.14838 3.4
-1.14813 3.1
-1.14789 2.7
-1.14764 2.4
-1.1474 2.1
-1.14716 1.8
-1.14691 1.4
-1.14667 1.1
-1.14642 0.8
-1.14618 0.4
-1.14594 0.1
-1.14569 -0.2
-1.14545 -0.6
-1.1452 -0.9
-1.14496 -1.2
-1.14471 -1.6
-1.14447 -1.9
-1.14423 -2.2
-1.14398 -2.5
-1.14374 -2.9
-1.14349 -3.2
-1.14325 -3.5
-1.14301 -3.8
-1.14276 -4.1
-1.14252 -4.4
-1.14227 -4.7
-1.14203 -5.0
-1.14178 -5.2
-1.14154 -5.5
-1.1413 -5.7
-1.14105 -6.0
-1.14081 -6.2
-1.14056 -6.5
-1.14032 -6.7
-1.14008 -6.9
-1.13983 -7.1
-1.13959 -7.3
-1.13934 -7.5
-1.1391 -7.6
-1.13885 -7.8
-1.13861 -7.9
-1.13837 -8.1
-1.13812 -8.2
-1.13788 -8.3
-1.13763 -8.4
-1.13739 -8.5
-1.13715 -8.5
-1.1369 -8.6
-1.13666 -8.6
-1.13641 -8.7
-1.13617 -8.7
-1.13593 -8.7
-1.13568 -8.7
-1.13544 -8.7
-1.13519 -8.6
-1.13495 -8.6
-1.1347 -8.5
-1.13446 -8.4
-1.13422 -8.4
-1.13397 -8.3
-1.13373 -8.1
-1.13348 -8.0
-1.13324 -7.9
-1.133 -7.7
-1.13275 -7.6
-1.13251 -7.4
-1.13226 -7.2
-1.13202 -7.0
-1.13177 -6.8
-1.13153 -6.6
-1.13129 -6.4
-1.13104 -6.2
-1.1308 -5.9
-1.13055 -5.7
-1.13031 -5.4
-1.13007 -5.1
-1.12982 -4.9
-1.12958 -4.6
-1.12933 -4.3
-1.12909 -4.0
-1.12885 -3.7
-1.1286 -3.4
-1.12836 -3.1
-1.12811 -2.7
-1.12787 -2.4
-1.12762 -2.1
-1.12738 -1.8
-1.12714 -1.4
-1.12689 -1.1
-1.12665 -0.8
-1.1264 -0.4
-1.12616 0.0
-1.12592 0.3
-1.12567 0.6
-1.12543 0.9
-1.12518 1.3
-1.12494 1.6
-1.12469 1.9
-1.12445 2.3
-1.12421 2.6
-1.12396 2.9
-1.12372 3.2
-1.12347 3.5
-1.12323 3.9
-1.12299 4.2
-1.12274 4.4
-1.1225 4.7
-1.12225 5.0
-1.12201 5.3
-1.12177 5.6
-1.12152 5.8
-1.12128 6.1
-1.12103 6.3
-1.12079 6.5
-1.12054 6.8
-1.1203 7.0
-1.12006 7.2
-1.11981 7.4
-1.11957 7.5
-1.11932 7.7
-1.11908 7.8
-1.11884 8.0
-1.11859 8.1
-1.11835 8.2
-1.1181 8.3
-1.11786 8.4
-1.11761 8.5
-1.11737 8.6
-1.11713 8.6
-1.11688 8.7
-1.11664 8.7
-1.11639 8.7
-1.11615 8.7
-1.11591 8.7
-1.11566 8.7
-1.11542 8.6
-1.11517 8.6
-1.11493 8.5
-1.11469 8.4
-1.11444 8.4
-1.1142 8.2
-1.11395 8.1
-1.11371 8.0
-1.11346 7.9
-1.11322 7.7
-1.11298 7.5
-1.11273 7.4
-1.11249 7.2
-1.11224 7.0
-1.112 6.8
-1.11176 6.5
-1.11151 6.3
-1.11127 6.1
-1.11102 5.8
-1.11078 5.6
-1.11053 5.3
-1.11029 5.0
-1.11005 4.7
-1.1098 4.5
-1.10956 4.2
-1.10931 3.9
-1.10907 3.5
-1.10883 3.2
-1.10858 2.9
-1.10834 2.6
-1.10809 2.3
-1.10785 1.9
-1.1076 1.6
-1.10736 1.2
-1.10712 0.9
-1.10687 0.6
-1.10663 0.2
-1.10638 -0.1
-1.10614 -0.5
-1.1059 -0.8
-1.10565 -1.1
-1.10541 -1.5
-1.10516 -1.8
-1.10492 -2.1
-1.10468 -2.5
-1.10443 -2.8
-1.10419 -3.1
-1.10394 -3.4
-1.1037 -3.8
-1.10345 -4.1
-1.10321 -4.4
-1.10297 -4.7
-1.10272 -4.9
-1.10248 -5.2
-1.10223 -5.5
-1.10199 -5.8
-1.10175 -6.0
-1.1015 -6.3
-1.10126 -6.5
-1.10101 -6.7
-1.10077 -6.9
-1.10052 -7.1
-1.10028 -7.3
-1.10004 -7.5
-1.09979 -7.7
-1.09955 -7.8
-1.0993 -8.0
-1.09906 -8.1
-1.09882 -8.2
-1.09857 -8.4
-1.09833 -8.4
-1.09808 -8.5
-1.09784 -8.6
-1.0976 -8.7
-1.09735 -8.7
-1.09711 -8.7
-1.09686 -8.7
-1.09662 -8.8
-1.09637 -8.7
-1.09613 -8.7
-1.09589 -8.7
-1.09564 -8.6
-1.0954 -8.6
-1.09515 -8.5
-1.09491 -8.4
-1.09467 -8.3
-1.09442 -8.2
-1.09418 -8.0
-1.09393 -7.9
-1.09369 -7.8
-1.09344 -7.6
-1.0932 -7.4
-1.09296 -7.2
-1.09271 -7.0
-1.09247 -6.8
-1.09222 -6.6
-1.09198 -6.4
-1.09174 -6.1
-1.09149 -5.9
-1.09125 -5.6
-1.091 -5.3
-1.09076 -5.1
-1.09052 -4.8
-1.09027 -4.5
-1.09003 -4.2
-1.08978 -3.9
-1.08954 -3.6
-1.08929 -3.2
-1.08905 -2.9
-1.08881 -2.6
-1.08856 -2.3
-1.08832 -1.9
-1.08807 -1.6
-1.08783 -1.2
-1.08759 -0.9
-1.08734 -0.5
-1.0871 -0.2
-1.08685 0.1
-1.08661 0.5
-1.08636 0.8
-1.08612 1.2
-1.08588 1.5
-1.08563 1.9
-1.08539 2.2
-1.08514 2.5
-1.0849 2.9
-1.08466 3.2
-1.08441 3.5
-1.08417 3.8
-1.08392 4.1
-1.08368 4.4
-1.08344 4.7
-1.08319 5.0
-1.08295 5.3
-1.0827 5.6
-1.08246 5.8
-1.08221 6.1
-1.08197 6.3
-1.08173 6.6
-1.08148 6.8
-1.08124 7.0
-1.08099 7.2
-1.08075 7.4
-1.08051 7.6
-1.08026 7.8
-1.08002 7.9
-1.07977 8.1
-1.07953 8.2
-1.07928 8.3
-1.07904 8.4
-1.0788 8.5
-1.07855 8.6
-1.07831 8.7
-1.07806 8.7
-1.07782 8.7
-1.07758 8.8
-1.07733 8.8
-1.07709 8.8
-1.07684 8.8
-1.0766 8.7
-1.07635 8.7
-1.07611 8.6
-1.07587 8.6
-1.07562 8.5
-1.07538 8.4
-1.07513 8.3
-1.07489 8.2
-1.07465 8.0
-1.0744 7.9
-1.07416 7.7
-1.07391 7.5
-1.07367 7.4
-1.07343 7.2
-1.07318 7.0
-1.07294 6.7
-1.07269 6.5
-1.07245 6.3
-1.0722 6.0
-1.07196 5.8
-1.07172 5.5
-1.07147 5.2
-1.07123 4.9
-1.07098 4.6
-1.07074 4.3
-1.0705 4.0
-1.07025 3.7
-1.07001 3.4
-1.06976 3.1
-1.06952 2.8
-1.06927 2.4
-1.06903 2.1
-1.06879 1.7
-1.06854 1.4
-1.0683 1.1
-1.06805 0.7
-1.06781 0.4
-1.06757 0.0
-1.06732 -0.3
-1.06708 -0.7
-1.06683 -1.0
-1.06659 -1.4
-1.06635 -1.7
-1.0661 -2.1
-1.06586 -2.4
-1.06561 -2.7
-1.06537 -3.1
-1.06512 -3.4
-1.06488 -3.7
-1.06464 -4.0
-1.06439 -4.3
-1.06415 -4.6
-1.0639 -4.9
-1.06366 -5.2
-1.06342 -5.5
-1.06317 -5.8
-1.06293 -6.0
-1.06268 -6.3
-1.06244 -6.5
-1.06219 -6.8
-1.06195 -7.0
-1.06171 -7.2
-1.06146 -7.4
-1.06122 -7.6
-1.06097 -7.7
-1.06073 -7.9
-1.06049 -8.1
-1.06024 -8.2
-1.06 -8.3
-1.05975 -8.4
-1.05951 -8.5
-1.05927 -8.6
-1.05902 -8.7
-1.05878 -8.7
-1.05853 -8.8
-1.05829 -8.8
-1.05804 -8.8
-1.0578 -8.8
-1.05756 -8.8
-1.05731 -8.8
-1.05707 -8.7
-1.05682 -8.7
-1.05658 -8.6
-1.05634 -8.5
-1.05609 -8.4
-1.05585 -8.3
-1.0556 -8.2
-1.05536 -8.1
-1.05511 -7.9
-1.05487 -7.8
-1.05463 -7.6
-1.05438 -7.4
-1.05414 -7.2
-1.05389 -7.0
-1.05365 -6.8
-1.05341 -6.5
-1.05316 -6.3
-1.05292 -6.1
-1.05267 -5.8
-1.05243 -5.5
-1.05219 -5.2
-1.05194 -5.0
-1.0517 -4.7
-1.05145 -4.4
-1.05121 -4.1
-1.05096 -3.7
-1.05072 -3.4
-1.05048 -3.1
-1.05023 -2.8
-1.04999 -2.4
-1.04974 -2.1
-1.0495 -1.7
-1.04926 -1.4
-1.04901 -1.0
-1.04877 -0.7
-1.04852 -0.3
-1.04828 0.0
-1.04803 0.4
-1.04779 0.7
-1.04755 1.1
-1.0473 1.4
-1.04706 1.8
-1.04681 2.1
-1.04657 2.5
-1.04633 2.8
-1.04608 3.1
-1.04584 3.5
-1.04559 3.8
-1.04535 4.1
-1.0451 4.4
-1.04486 4.7
-1.04462 5.0
-1.04437 5.3
-1.04413 5.6
-1.04388 5.9
-1.04364 6.1
-1.0434 6.4
-1.04315 6.6
-1.04291 6.8
-1.04266 7.1
-1.04242 7.3
-1.04218 7.5
-1.04193 7.6
-1.04169 7.8
-1.04144 8.0
-1.0412 8.1
-1.04095 8.3
-1.04071 8.4
-1.04047 8.5
-1.04022 8.6
-1.03998 8.7
-1.03973 8.7
-1.03949 8.8
-1.03925 8.8
-1.039 8.9
-1.03876 8.9
-1.03851 8.9
-1.03827 8.8
-1.03802 8.8
-1.03778 8.8
-1.03754 8.7
-1.03729 8.6
-1.03705 8.5
-1.0368 8.4
-1.03656 8.3
-1.03632 8.2
-1.03607 8.0
-1.03583 7.9
-1.03558 7.7
-1.03534 7.5
-1.0351 7.4
-1.03485 7.1
-1.03461 6.9
-1.03436 6.7
-1.03412 6.5
-1.03387 6.2
-1.03363 6.0
-1.03339 5.7
-1.03314 5.4
-1.0329 5.1
-1.03265 4.8
-1.03241 4.5
-1.03217 4.2
-1.03192 3.9
-1.03168 3.6
-1.03143 3.3
-1.03119 2.9
-1.03094 2.6
-1.0307 2.2
-1.03046 1.9
-1.03021 1.5
-1.02997 1.2
-1.02972 0.8
-1.02948 0.5
-1.02924 0.1
-1.02899 -0.2
-1.02875 -0.6
-1.0285 -0.9
-1.02826 -1.3
-1.02802 -1.7
-1.02777 -2.0
-1.02753 -2.4
-1.02728 -2.7
-1.02704 -3.0
-1.02679 -3.4
-1.02655 -3.7
-1.02631 -4.0
-1.02606 -4.3
-1.02582 -4.6
-1.02557 -4.9
-1.02533 -5.2
-1.02509 -5.5
-1.02484 -5.8
-1.0246 -6.1
-1.02435 -6.3
-1.02411 -6.6
-1.02386 -6.8
-1.02362 -7.0
-1.02338 -7.2
-1.02313 -7.4
-1.02289 -7.6
-1.02264 -7.8
-1.0224 -8.0
-1.02216 -8.1
-1.02191 -8.3
-1.02167 -8.4
-1.02142 -8.5
-1.02118 -8.6
-1.02094 -8.7
-1.02069 -8.8
-1.02045 -8.8
-1.0202 -8.9
-1.01996 -8.9
-1.01971 -8.9
-1.01947 -8.9
-1.01923 -8.9
-1.01898 -8.9
-1.01874 -8.8
-1.01849 -8.7
-1.01825 -8.7
-1.01801 -8.6
-1.01776 -8.5
-1.01752 -8.4
-1.01727 -8.2
-1.01703 -8.1
-1.01678 -7.9
-1.01654 -7.8
-1.0163 -7.6
-1.01605 -7.4
-1.01581 -7.2
-1.01556 -7.0
-1.01532 -6.7
-1.01508 -6.5
-1.01483 -6.3
-1.01459 -6.0
-1.01434 -5.7
-1.0141 -5.4
-1.01385 -5.1
-1.01361 -4.9
-1.01337 -4.5
-1.01312 -4.2
-1.01288 -3.9
-1.01263 -3.6
-1.01239 -3.3
-1.01215 -2.9
-1.0119 -2.6
-1.01166 -2.2
-1.01141 -1.9
-1.01117 -1.5
-1.01093 -1.2
-1.01068 -0.8
-1.01044 -0.4
-1.01019 0.0
-1.00995 0.3
-1.0097 0.6
-1.00946 1.0
-1.00922 1.4
-1.00897 1.7
-1.00873 2.1
-1.00848 2.4
-1.00824 2.8
-1.008 3.1
-1.00775 3.4
-1.00751 3.8
-1.00726 4.1
-1.00702 4.4
-1.00677 4.7
-1.00653 5.0
-1.00629 5.3
-1.00604 5.6
-1.0058 5.9
-1.00555 6.2
-1.00531 6.4
-1.00507 6.7
-1.00482 6.9
-1.00458 7.1
-1.00433 7.3
-1.00409 7.5
-1.00385 7.7
-1.0036 7.9
-1.00336 8.1
-1.00311 8.2
-1.00287 8.3
-1.00262 8.5
-1.00238 8.6
-1.00214 8.7
-1.00189 8.8
-1.00165 8.8
-1.0014 8.9
-1.00116 8.9
-1.00092 8.9
-1.00067 8.9
-1.00043 8.9
-1.00018 8.9
-0.99994 8.9
-0.99969 8.8
-0.99945 8.8
-0.99921 8.7
-0.99896 8.6
-0.99872 8.5
-0.99847 8.4
-0.99823 8.2
-0.99799 8.1
-0.99774 7.9
-0.9975 7.7
-0.99725 7.5
-0.99701 7.3
-0.99677 7.1
-0.99652 6.9
-0.99628 6.7
-0.99603 6.4
-0.99579 6.2
-0.99554 5.9
-0.9953 5.6
-0.99506 5.3
-0.99481 5.0
-0.99457 4.7
-0.99432 4.4
-0.99408 4.1
-0.99384 3.8
-0.99359 3.4
-0.99335 3.1
-0.9931 2.7
-0.99286 2.4
-0.99261 2.0
-0.99237 1.7
-0.99213 1.3
-0.99188 1.0
-0.99164 0.6
-0.99139 0.2
-0.99115 -0.1
-0.99091 -0.5
-0.99066 -0.9
-0.99042 -1.2
-0.99017 -1.6
-0.98993 -1.9
-0.98969 -2.3
-0.98944 -2.7
-0.9892 -3.0
-0.98895 -3.3
-0.98871 -3.7
-0.98846 -4.0
-0.98822 -4.3
-0.98798 -4.7
-0.98773 -5.0
-0.98749 -5.3
-0.98724 -5.6
-0.987 -5.8
-0.98676 -6.1
-0.98651 -6.4
-0.98627 -6.6
-0.98602 -6.9
-0.98578 -7.1
-0.98553 -7.3
-0.98529 -7.5
-0.98505 -7.7
-0.9848 -7.9
-0.98456 -8.1
-0.98431 -8.2
-0.98407 -8.4
-0.98383 -8.5
-0.98358 -8.6
-0.98334 -8.7
-0.98309 -8.8
-0.98285 -8.8
-0.9826 -8.9
-0.98236 -8.9
-0.98212 -9.0
-0.98187 -9.0
-0.98163 -9.0
-0.98138 -9.0
-0.98114 -8.9
-0.9809 -8.9
-0.98065 -8.8
-0.98041 -8.7
-0.98016 -8.6
-0.97992 -8.5
-0.97968 -8.4
-0.97943 -8.3
-0.97919 -8.1
-0.97894 -7.9
-0.9787 -7.8
-0.97845 -7.6
-0.97821 -7.4
-0.97797 -7.2
-0.97772 -6.9
-0.97748 -6.7
-0.97723 -6.4
-0.97699 -6.2
-0.97675 -5.9
-0.9765 -5.6
-0.97626 -5.3
-0.97601 -5.0
-0.97577 -4.7
-0.97552 -4.4
-0.97528 -4.1
-0.97504 -3.7
-0.97479 -3.4
-0.97455 -3.1
-0.9743 -2.7
-0.97406 -2.4
-0.97382 -2.0
-0.97357 -1.6
-0.97333 -1.3
-0.97308 -0.9
-0.97284 -0.5
-0.9726 -0.2
-0.97235 0.2
-0.97211 0.6
-0.97186 0.9
-0.97162 1.3
-0.97137 1.7
-0.97113 2.0
-0.97089 2.4
-0.97064 2.7
-0.9704 3.1
-0.97015 3.4
-0.96991 3.8
-0.96967 4.1
-0.96942 4.4
-0.96918 4.7
-0.96893 5.1
-0.96869 5.4
-0.96844 5.6
-0.9682 5.9
-0.96796 6.2
-0.96771 6.5
-0.96747 6.7
-0.96722 7.0
-0.96698 7.2
-0.96674 7.4
-0.96649 7.6
-0.96625 7.8
-0.966 8.0
-0.96576 8.1
-0.96552 8.3
-0.96527 8.4
-0.96503 8.6
-0.96478 8.7
-0.96454 8.8
-0.96429 8.8
-0.96405 8.9
-0.96381 9.0
-0.96356 9.0
-0.96332 9.0
-0.96307 9.0
-0.96283 9.0
-0.96259 9.0
-0.96234 8.9
-0.9621 8.9
-0.96185 8.8
-0.96161 8.7
-0.96136 8.6
-0.96112 8.5
-0.96088 8.4
-0.96063 8.2
-0.96039 8.1
-0.96014 7.9
-0.9599 7.7
-0.95966 7.5
-0.95941 7.3
-0.95917 7.1
-0.95892 6.8
-0.95868 6.6
-0.95844 6.3
-0.95819 6.1
-0.95795 5.8
-0.9577 5.5
-0.95746 5.2
-0.95721 4.9
-0.95697 4.6
-0.95673 4.2
-0.95648 3.9
-0.95624 3.6
-0.95599 3.2
-0.95575 2.9
-0.95551 2.5
-0.95526 2.2
-0.95502 1.8
-0.95477 1.4
-0.95453 1.1
-0.95428 0.7
-0.95404 0.3
-0.9538 0.0
-0.95355 -0.4
-0.95331 -0.8
-0.95306 -1.2
-0.95282 -1.5
-0.95258 -1.9
-0.95233 -2.3
-0.95209 -2.6
-0.95184 -3.0
-0.9516 -3.3
-0.95135 -3.7
-0.95111 -4.0
-0.95087 -4.4
-0.95062 -4.7
-0.95038 -5.0
-0.95013 -5.3
-0.94989 -5.6
-0.94965 -5.9
-0.9494 -6.2
-0.94916 -6.4
-0.94891 -6.7
-0.94867 -6.9
-0.94843 -7.2
-0.94818 -7.4
-0.94794 -7.6
-0.94769 -7.8
-0.94745 -8.0
-0.9472 -8.2
-0.94696 -8.3
-0.94672 -8.5
-0.94647 -8.6
-0.94623 -8.7
-0.94598 -8.8
-0.94574 -8.9
-0.9455 -8.9
-0.94525 -9.0
-0.94501 -9.0
-0.94476 -9.1
-0.94452 -9.1
-0.94427 -9.0
-0.94403 -9.0
-0.94379 -9.0
-0.94354 -8.9
-0.9433 -8.9
-0.94305 -8.8
-0.94281 -8.7
-0.94257 -8.5
-0.94232 -8.4
-0.94208 -8.3
-0.94183 -8.1
-0.94159 -7.9
-0.94135 -7.7
-0.9411 -7.5
-0.94086 -7.3
-0.94061 -7.1
-0.94037 -6.9
-0.94012 -6.6
-0.93988 -6.3
-0.93964 -6.1
-0.93939 -5.8
-0.93915 -5.5
-0.9389 -5.2
-0.93866 -4.9
-0.93842 -4.6
-0.93817 -4.2
-0.93793 -3.9
-0.93768 -3.5
-0.93744 -3.2
-0.93719 -2.8
-0.93695 -2.5
-0.93671 -2.1
-0.93646 -1.7
-0.93622 -1.4
-0.93597 -1.0
-0.93573 -0.6
-0.93549 -0.2
-0.93524 0.1
-0.935 0.5
-0.93475 0.9
-0.93451 1.3
-0.93427 1.6
-0.93402 2.0
-0.93378 2.4
-0.93353 2.7
-0.93329 3.1
-0.93304 3.4
-0.9328 3.8
-0.93256 4.1
-0.93231 4.5
-0.93207 4.8
-0.93182 5.1
-0.93158 5.4
-0.93134 5.7
-0.93109 6.0
-0.93085 6.3
-0.9306 6.6
-0.93036 6.8
-0.93011 7.1
-0.92987 7.3
-0.92963 7.5
-0.92938 7.7
-0.92914 7.9
-0.92889 8.1
-0.92865 8.3
-0.92841 8.4
-0.92816 8.5
-0.92792 8.7
-0.92767 8.8
-0.92743 8.9
-0.92719 8.9
-0.92694 9.0
-0.9267 9.1
-0.92645 9.1
-0.92621 9.1
-0.92596 9.1
-0.92572 9.1
-0.92548 9.0
-0.92523 9.0
-0.92499 8.9
-0.92474 8.9
-0.9245 8.8
-0.92426 8.6
-0.92401 8.5
-0.92377 8.4
-0.92352 8.2
-0.92328 8.1
-0.92303 7.9
-0.92279 7.7
-0.92255 7.5
-0.9223 7.2
-0.92206 7.0
-0.92181 6.8
-0.92157 6.5
-0.92133 6.2
-0.92108 5.9
-0.92084 5.6
-0.92059 5.3
-0.92035 5.0
-0.9201 4.7
-0.91986 4.4
-0.91962 4.0
-0.91937 3.7
-0.91913 3.3
-0.91888 3.0
-0.91864 2.6
-0.9184 2.2
-0.91815 1.9
-0.91791 1.5
-0.91766 1.1
-0.91742 0.7
-0.91718 0.4
-0.91693 0.0
-0.91669 -0.4
-0.91644 -0.8
-0.9162 -1.2
-0.91595 -1.5
-0.91571 -1.9
-0.91547 -2.3
-0.91522 -2.7
-0.91498 -3.0
-0.91473 -3.4
-0.91449 -3.7
-0.91425 -4.1
-0.914 -4.4
-0.91376 -4.7
-0.91351 -5.1
-0.91327 -5.4
-0.91302 -5.7
-0.91278 -6.0
-0.91254 -6.3
-0.91229 -6.5
-0.91205 -6.8
-0.9118 -7.0
-0.91156 -7.3
-0.91132 -7.5
-0.91107 -7.7
-0.91083 -7.9
-0.91058 -8.1
-0.91034 -8.3
-0.9101 -8.4
-0.90985 -8.6
-0.90961 -8.7
-0.90936 -8.8
-0.90912 -8.9
-0.90887 -9.0
-0.90863 -9.0
-0.90839 -9.1
-0.90814 -9.1
-0.9079 -9.1
-0.90765 -9.1
-0.90741 -9.1
-0.90717 -9.1
-0.90692 -9.0
-0.90668 -9.0
-0.90643 -8.9
-0.90619 -8.8
-0.90594 -8.7
-0.9057 -8.6
-0.90546 -8.4
-0.90521 -8.3
-0.90497 -8.1
-0.90472 -7.9
-0.90448 -7.7
-0.90424 -7.5
-0.90399 -7.3
-0.90375 -7.0
-0.9035 -6.8
-0.90326 -6.5
-0.90302 -6.2
-0.90277 -5.9
-0.90253 -5.6
-0.90228 -5.3
-0.90204 -5.0
-0.90179 -4.7
-0.90155 -4.3
-0.90131 -4.0
-0.90106 -3.7
-0.90082 -3.3
-0.90057 -2.9
-0.90033 -2.6
-0.90009 -2.2
-0.89984 -1.8
-0.8996 -1.4
-0.89935 -1.1
-0.89911 -0.7
-0.89886 -0.3
-0.89862 0.1
-0.89838 0.5
-0.89813 0.9
-0.89789 1.3
-0.89764 1.6
-0.8974 2.0
-0.89716 2.4
-0.89691 2.8
-0.89667 3.1
-0.89642 3.5
-0.89618 3.8
-0.89594 4.2
-0.89569 4.5
-0.89545 4.9
-0.8952 5.2
-0.89496 5.5
-0.89471 5.8
-0.89447 6.1
-0.89423 6.4
-0.89398 6.7
-0.89374 6.9
-0.89349 7.2
-0.89325 7.4
-0.89301 7.6
-0.89276 7.8
-0.89252 8.0
-0.89227 8.2
-0.89203 8.4
-0.89178 8.5
-0.89154 8.7
-0.8913 8.8
-0.89105 8.9
-0.89081 9.0
-0.89056 9.1
-0.89032 9.1
-0.89008 9.2
-0.88983 9.2
-0.88959 9.2
-0.88934 9.2
-0.8891 9.1
-0.88885 9.1
-0.88861 9.0
-0.88837 9.0
-0.88812 8.9
-0.88788 8.8
-0.88763 8.7
-0.88739 8.5
-0.88715 8.4
-0.8869 8.2
-0.88666 8.0
-0.88641 7.8
-0.88617 7.6
-0.88593 7.4
-0.88568 7.1
-0.88544 6.9
-0.88519 6.6
-0.88495 6.4
-0.8847 6.1
-0.88446 5.8
-0.88422 5.5
-0.88397 5.1
-0.88373 4.8
-0.88348 4.5
-0.88324 4.1
-0.883 3.8
-0.88275 3.4
-0.88251 3.1
-0.88226 2.7
-0.88202 2.3
-0.88177 1.9
-0.88153 1.5
-0.88129 1.2
-0.88104 0.8
-0.8808 0.4
-0.88055 0.0
-0.88031 -0.4
-0.88007 -0.8
-0.87982 -1.2
-0.87958 -1.6
-0.87933 -1.9
-0.87909 -2.3
-0.87885 -2.7
-0.8786 -3.1
-0.87836 -3.4
-0.87811 -3.8
-0.87787 -4.2
-0.87762 -4.5
-0.87738 -4.8
-0.87714 -5.2
-0.87689 -5.5
-0.87665 -5.8
-0.8764 -6.1
-0.87616 -6.4
-0.87592 -6.7
-0.87567 -6.9
-0.87543 -7.2
-0.87518 -7.4
-0.87494 -7.6
-0.87469 -7.9
-0.87445 -8.1
-0.87421 -8.2
-0.87396 -8.4
-0.87372 -8.6
-0.87347 -8.7
-0.87323 -8.8
-0.87299 -8.9
-0.87274 -9.0
-0.8725 -9.1
-0.87225 -9.2
-0.87201 -9.2
-0.87177 -9.2
-0.87152 -9.2
-0.87128 -9.2
-0.87103 -9.2
-0.87079 -9.1
-0.87054 -9.1
-0.8703 -9.0
-0.87006 -8.9
-0.86981 -8.8
-0.86957 -8.7
-0.86932 -8.5
-0.86908 -8.4
-0.86884 -8.2
-0.86859 -8.0
-0.86835 -7.8
-0.8681 -7.6
-0.86786 -7.4
-0.86761 -7.1
-0.86737 -6.9
-0.86713 -6.6
-0.86688 -6.3
-0.86664 -6.0
-0.86639 -5.7
-0.86615 -5.4
-0.86591 -5.1
-0.86566 -4.8
-0.86542 -4.4
-0.86517 -4.1
-0.86493 -3.7
-0.86469 -3.4
-0.86444 -3.0
-0.8642 -2.6
-0.86395 -2.2
-0.86371 -1.8
-0.86346 -1.5
-0.86322 -1.1
-0.86298 -0.7
-0.86273 -0.3
-0.86249 0.1
-0.86224 0.5
-0.862 0.9
-0.86176 1.3
-0.86151 1.7
-0.86127 2.1
-0.86102 2.5
-0.86078 2.8
-0.86053 3.2
-0.86029 3.6
-0.86005 4.0
-0.8598 4.3
-0.85956 4.7
-0.85931 5.0
-0.85907 5.3
-0.85883 5.6
-0.85858 6.0
-0.85834 6.3
-0.85809 6.5
-0.85785 6.8
-0.8576 7.1
-0.85736 7.3
-0.85712 7.6
-0.85687 7.8
-0.85663 8.0
-0.85638 8.2
-0.85614 8.4
-0.8559 8.5
-0.85565 8.7
-0.85541 8.8
-0.85516 8.9
-0.85492 9.0
-0.85468 9.1
-0.85443 9.2
-0.85419 9.2
-0.85394 9.3
-0.8537 9.3
-0.85345 9.3
-0.85321 9.2
-0.85297 9.2
-0.85272 9.2
-0.85248 9.1
-0.85223 9.0
-0.85199 8.9
-0.85175 8.8
-0.8515 8.6
-0.85126 8.5
-0.85101 8.3
-0.85077 8.1
-0.85052 7.9
-0.85028 7.7
-0.85004 7.5
-0.84979 7.3
-0.84955 7.0
-0.8493 6.7
-0.84906 6.5
-0.84882 6.2
-0.84857 5.9
-0.84833 5.5
-0.84808 5.2
-0.84784 4.9
-0.8476 4.5
-0.84735 4.2
-0.84711 3.8
-0.84686 3.5
-0.84662 3.1
-0.84637 2.7
-0.84613 2.3
-0.84589 1.9
-0.84564 1.5
-0.8454 1.1
-0.84515 0.7
-0.84491 0.3
-0.84467 0.0
-0.84442 -0.5
-0.84418 -0.9
-0.84393 -1.3
-0.84369 -1.6
-0.84344 -2.0
-0.8432 -2.4
-0.84296 -2.8
-0.84271 -3.2
-0.84247 -3.6
-0.84222 -3.9
-0.84198 -4.3
-0.84174 -4.6
-0.84149 -5.0
-0.84125 -5.3
-0.841 -5.7
-0.84076 -6.0
-0.84052 -6.3
-0.84027 -6.6
-0.84003 -6.8
-0.83978 -7.1
-0.83954 -7.4
-0.83929 -7.6
-0.83905 -7.8
-0.83881 -8.0
-0.83856 -8.2
-0.83832 -8.4
-0.83807 -8.6
-0.83783 -8.7
-0.83759 -8.9
-0.83734 -9.0
-0.8371 -9.1
-0.83685 -9.2
-0.83661 -9.2
-0.83636 -9.3
-0.83612 -9.3
-0.83588 -9.3
-0.83563 -9.3
-0.83539 -9.3
-0.83514 -9.2
-0.8349 -9.2
-0.83466 -9.1
-0.83441 -9.0
-0.83417 -8.9
-0.83392 -8.8
-0.83368 -8.7
-0.83344 -8.5
-0.83319 -8.3
-0.83295 -8.1
-0.8327 -7.9
-0.83246 -7.7
-0.83221 -7.5
-0.83197 -7.2
-0.83173 -7.0
-0.83148 -6.7
-0.83124 -6.4
-0.83099 -6.1
-0.83075 -5.8
-0.83051 -5.5
-0.83026 -5.2
-0.83002 -4.8
-0.82977 -4.5
-0.82953 -4.1
-0.82928 -3.7
-0.82904 -3.4
-0.8288 -3.0
-0.82855 -2.6
-0.82831 -2.2
-0.82806 -1.8
-0.82782 -1.4
-0.82758 -1.0
-0.82733 -0.6
-0.82709 -0.2
-0.82684 0.2
-0.8266 0.6
-0.82635 1.0
-0.82611 1.4
-0.82587 1.8
-0.82562 2.2
-0.82538 2.6
-0.82513 3.0
-0.82489 3.4
-0.82465 3.7
-0.8244 4.1
-0.82416 4.5
-0.82391 4.8
-0.82367 5.2
-0.82343 5.5
-0.82318 5.8
-0.82294 6.1
-0.82269 6.4
-0.82245 6.7
-0.8222 7.0
-0.82196 7.3
-0.82172 7.5
-0.82147 7.8
-0.82123 8.0
-0.82098 8.2
-0.82074 8.4
-0.8205 8.5
-0.82025 8.7
-0.82001 8.8
-0.81976 9.0
-0.81952 9.1
-0.81927 9.2
-0.81903 9.2
-0.81879 9.3
-0.81854 9.3
-0.8183 9.4
-0.81805 9.4
-0.81781 9.3
-0.81757 9.3
-0.81732 9.3
-0.81708 9.2
-0.81683 9.1
-0.81659 9.0
-0.81635 8.9
-0.8161 8.7
-0.81586 8.6
-0.81561 8.4
-0.81537 8.2
-0.81512 8.0
-0.81488 7.8
-0.81464 7.6
-0.81439 7.3
-0.81415 7.1
-0.8139 6.8
-0.81366 6.5
-0.81342 6.2
-0.81317 5.9
-0.81293 5.6
-0.81268 5.2
-0.81244 4.9
-0.81219 4.5
-0.81195 4.2
-0.81171 3.8
-0.81146 3.4
-0.81122 3.1
-0.81097 2.7
-0.81073 2.3
-0.81049 1.9
-0.81024 1.5
-0.81 1.1
-0.80975 0.7
-0.80951 0.2
-0.80927 -0.2
-0.80902 -0.6
-0.80878 -1.0
-0.80853 -1.4
-0.80829 -1.8
-0.80804 -2.2
-0.8078 -2.6
-0.80756 -3.0
-0.80731 -3.4
-0.80707 -3.8
-0.80682 -4.1
-0.80658 -4.5
-0.80634 -4.9
-0.80609 -5.2
-0.80585 -5.5
-0.8056 -5.9
-0.80536 -6.2
-0.80511 -6.5
-0.80487 -6.8
-0.80463 -7.1
-0.80438 -7.3
-0.80414 -7.6
-0.80389 -7.8
-0.80365 -8.0
-0.80341 -8.2
-0.80316 -8.4
-0.80292 -8.6
-0.80267 -8.8
-0.80243 -8.9
-0.80219 -9.0
-0.80194 -9.1
-0.8017 -9.2
-0.80145 -9.3
-0.80121 -9.4
-0.80096 -9.4
-0.80072 -9.4
-0.80048 -9.4
-0.80023 -9.4
-0.79999 -9.3
-0.79974 -9.3
-0.7995 -9.2
-0.79926 -9.1
-0.79901 -9.0
-0.79877 -8.9
-0.79852 -8.8
-0.79828 -8.6
-0.79803 -8.4
-0.79779 -8.2
-0.79755 -8.0
-0.7973 -7.8
-0.79706 -7.6
-0.79681 -7.3
-0.79657 -7.0
-0.79633 -6.7
-0.79608 -6.5
-0.79584 -6.1
-0.79559 -5.8
-0.79535 -5.5
-0.7951 -5.2
-0.79486 -4.8
-0.79462 -4.4
-0.79437 -4.1
-0.79413 -3.7
-0.79388 -3.3
-0.79364 -2.9
-0.7934 -2.5
-0.79315 -2.1
-0.79291 -1.7
-0.79266 -1.3
-0.79242 -0.9
-0.79218 -0.5
-0.79193 0.0
-0.79169 0.4
-0.79144 0.8
-0.7912 1.2
-0.79095 1.6
-0.79071 2.0
-0.79047 2.4
-0.79022 2.8
-0.78998 3.2
-0.78973 3.6
-0.78949 4.0
-0.78925 4.4
-0.789 4.7
-0.78876 5.1
-0.78851 5.4
-0.78827 5.8
-0.78802 6.1
-0.78778 6.4
-0.78754 6.7
-0.78729 7.0
-0.78705 7.3
-0.7868 7.5
-0.78656 7.8
-0.78632 8.0
-0.78607 8.2
-0.78583 8.4
-0.78558 8.6
-0.78534 8.8
-0.7851 8.9
-0.78485 9.0
-0.78461 9.2
-0.78436 9.2
-0.78412 9.3
-0.78387 9.4
-0.78363 9.4
-0.78339 9.4
-0.78314 9.5
-0.7829 9.4
-0.78265 9.4
-0.78241 9.4
-0.78217 9.3
-0.78192 9.2
-0.78168 9.1
-0.78143 9.0
-0.78119 8.8
-0.78094 8.7
-0.7807 8.5
-0.78046 8.3
-0.78021 8.1
-0.77997 7.9
-0.77972 7.6
-0.77948 7.4
-0.77924 7.1
-0.77899 6.8
-0.77875 6.5
-0.7785 6.2
-0.77826 5.9
-0.77802 5.6
-0.77777 5.2
-0.77753 4.9
-0.77728 4.5
-0.77704 4.1
-0.77679 3.7
-0.77655 3.3
-0.77631 3.0
-0.77606 2.5
-0.77582 2.1
-0.77557 1.7
-0.77533 1.3
-0.77509 0.9
-0.77484 0.5
-0.7746 0.0
-0.77435 -0.4
-0.77411 -0.8
-0.77386 -1.2
-0.77362 -1.6
-0.77338 -2.0
-0.77313 -2.4
-0.77289 -2.8
-0.77264 -3.2
-0.7724 -3.6
-0.77216 -4.0
-0.77191 -4.4
-0.77167 -4.8
-0.77142 -5.1
-0.77118 -5.5
-0.77094 -5.8
-0.77069 -6.2
-0.77045 -6.5
-0.7702 -6.8
-0.76996 -7.1
-0.76971 -7.3
-0.76947 -7.6
-0.76923 -7.8
-0.76898 -8.1
-0.76874 -8.3
-0.76849 -8.5
-0.76825 -8.7
-0.76801 -8.8
-0.76776 -9.0
-0.76752 -9.1
-0.76727 -9.2
-0.76703 -9.3
-0.76678 -9.4
-0.76654 -9.4
-0.7663 -9.5
-0.76605 -9.5
-0.76581 -9.5
-0.76556 -9.5
-0.76532 -9.4
-0.76508 -9.4
-0.76483 -9.3
-0.76459 -9.2
-0.76434 -9.1
-0.7641 -9.0
-0.76385 -8.8
-0.76361 -8.7
-0.76337 -8.5
-0.76312 -8.3
-0.76288 -8.1
-0.76263 -7.8
-0.76239 -7.6
-0.76215 -7.3
-0.7619 -7.0
-0.76166 -6.7
-0.76141 -6.4
-0.76117 -6.1
-0.76093 -5.8
-0.76068 -5.4
-0.76044 -5.1
-0.76019 -4.7
-0.75995 -4.3
-0.7597 -4.0
-0.75946 -3.6
-0.75922 -3.2
-0.75897 -2.8
-0.75873 -2.4
-0.75848 -1.9
-0.75824 -1.5
-0.758 -1.1
-0.75775 -0.7
-0.75751 -0.2
-0.75726 0.2
-0.75702 0.6
-0.75677 1.0
-0.75653 1.5
-0.75629 1.9
-0.75604 2.3
-0.7558 2.7
-0.75555 3.1
-0.75531 3.5
-0.75507 3.9
-0.75482 4.3
-0.75458 4.7
-0.75433 5.0
-0.75409 5.4
-0.75385 5.7
-0.7536 6.1
-0.75336 6.4
-0.75311 6.7
-0.75287 7.0
-0.75262 7.3
-0.75238 7.6
-0.75214 7.8
-0.75189 8.1
-0.75165 8.3
-0.7514 8.5
-0.75116 8.7
-0.75092 8.8
-0.75067 9.0
-0.75043 9.1
-0.75018 9.2
-0.74994 9.3
-0.74969 9.4
-0.74945 9.5
-0.74921 9.5
-0.74896 9.5
-0.74872 9.5
-0.74847 9.5
-0.74823 9.5
-0.74799 9.4
-0.74774 9.4
-0.7475 9.3
-0.74725 9.2
-0.74701 9.0
-0.74677 8.9
-0.74652 8.7
-0.74628 8.5
-0.74603 8.3
-0.74579 8.1
-0.74554 7.9
-0.7453 7.6
-0.74506 7.4
-0.74481 7.1
-0.74457 6.8
-0.74432 6.5
-0.74408 6.1
-0.74384 5.8
-0.74359 5.5
-0.74335 5.1
-0.7431 4.7
-0.74286 4.4
-0.74261 4.0
-0.74237 3.6
-0.74213 3.2
-0.74188 2.8
-0.74164 2.3
-0.74139 1.9
-0.74115 1.5
-0.74091 1.1
-0.74066 0.6
-0.74042 0.2
-0.74017 -0.2
-0.73993 -0.7
-0.73969 -1.1
-0.73944 -1.5
-0.7392 -1.9
-0.73895 -2.4
-0.73871 -2.8
-0.73846 -3.2
-0.73822 -3.6
-0.73798 -4.0
-0.73773 -4.4
-0.73749 -4.8
-0.73724 -5.1
-0.737 -5.5
-0.73676 -5.8
-0.73651 -6.2
-0.73627 -6.5
-0.73602 -6.8
-0.73578 -7.1
-0.73553 -7.4
-0.73529 -7.7
-0.73505 -7.9
-0.7348 -8.2
-0.73456 -8.4
-0.73431 -8.6
-0.73407 -8.8
-0.73383 -8.9
-0.73358 -9.1
-0.73334 -9.2
-0.73309 -9.3
-0.73285 -9.4
-0.7326 -9.5
-0.73236 -9.6
-0.73212 -9.6
-0.73187 -9.6
-0.73163 -9.6
-0.73138 -9.6
-0.73114 -9.5
-0.7309 -9.5
-0.73065 -9.4
-0.73041 -9.3
-0.73016 -9.2
-0.72992 -9.0
-0.72968 -8.9
-0.72943 -8.7
-0.72919 -8.5
-0.72894 -8.3
-0.7287 -8.0
-0.72845 -7.8
-0.72821 -7.5
-0.72797 -7.3
-0.72772 -7.0
-0.72748 -6.6
-0.72723 -6.3
-0.72699 -6.0
-0.72675 -5.6
-0.7265 -5.3
-0.72626 -4.9
-0.72601 -4.5
-0.72577 -4.1
-0.72552 -3.8
-0.72528 -3.3
-0.72504 -2.9
-0.72479 -2.5
-0.72455 -2.1
-0.7243 -1.7
-0.72406 -1.2
-0.72382 -0.8
-0.72357 -0.4
-0.72333 0.0
-0.72308 0.5
-0.72284 1.0
-0.7226 1.4
-0.72235 1.8
-0.72211 2.3
-0.72186 2.7
-0.72162 3.1
-0.72137 3.5
-0.72113 3.9
-0.72089 4.3
-0.72064 4.7
-0.7204 5.1
-0.72015 5.4
-0.71991 5.8
-0.71967 6.1
-0.71942 6.5
-0.71918 6.8
-0.71893 7.1
-0.71869 7.4
-0.71844 7.7
-0.7182 7.9
-0.71796 8.2
-0.71771 8.4
-0.71747 8.6
-0.71722 8.8
-0.71698 9.0
-0.71674 9.1
-0.71649 9.3
-0.71625 9.4
-0.716 9.5
-0.71576 9.5
-0.71552 9.6
-0.71527 9.6
-0.71503 9.7
-0.71478 9.6
-0.71454 9.6
-0.71429 9.6
-0.71405 9.5
-0.71381 9.4
-0.71356 9.3
-0.71332 9.2
-0.71307 9.1
-0.71283 8.9
-0.71259 8.7
-0.71234 8.5
-0.7121 8.3
-0.71185 8.1
-0.71161 7.8
-0.71136 7.6
-0.71112 7.3
-0.71088 7.0
-0.71063 6.7
-0.71039 6.3
-0.71014 6.0
-0.7099 5.6
-0.70966 5.3
-0.70941 4.9
-0.70917 4.5
-0.70892 4.1
-0.70868 3.7
-0.70844 3.3
-0.70819 2.9
-0.70795 2.4
-0.7077 2.0
-0.70746 1.6
-0.70721 1.1
-0.70697 0.7
-0.70673 0.3
-0.70648 -0.2
-0.70624 -0.6
-0.70599 -1.1
-0.70575 -1.5
-0.70551 -2.0
-0.70526 -2.4
-0.70502 -2.8
-0.70477 -3.2
-0.70453 -3.7
-0.70428 -4.1
-0.70404 -4.5
-0.7038 -4.8
-0.70355 -5.2
-0.70331 -5.6
-0.70306 -6.0
-0.70282 -6.3
-0.70258 -6.6
-0.70233 -7.0
-0.70209 -7.3
-0.70184 -7.5
-0.7016 -7.8
-0.70135 -8.1
-0.70111 -8.3
-0.70087 -8.5
-0.70062 -8.7
-0.70038 -8.9
-0.70013 -9.1
-0.69989 -9.2
-0.69965 -9.4
-0.6994 -9.5
-0.69916 -9.6
-0.69891 -9.6
-0.69867 -9.7
-0.69843 -9.7
-0.69818 -9.7
-0.69794 -9.7
-0.69769 -9.7
-0.69745 -9.6
-0.6972 -9.5
-0.69696 -9.4
-0.69672 -9.3
-0.69647 -9.2
-0.69623 -9.0
-0.69598 -8.8
-0.69574 -8.6
-0.6955 -8.4
-0.69525 -8.2
-0.69501 -8.0
-0.69476 -7.7
-0.69452 -7.4
-0.69427 -7.1
-0.69403 -6.8
-0.69379 -6.5
-0.69354 -6.1
-0.6933 -5.8
-0.69305 -5.4
-0.69281 -5.0
-0.69257 -4.6
-0.69232 -4.2
-0.69208 -3.8
-0.69183 -3.4
-0.69159 -3.0
-0.69135 -2.6
-0.6911 -2.1
-0.69086 -1.7
-0.69061 -1.2
-0.69037 -0.8
-0.69012 -0.4
-0.68988 0.0
-0.68964 0.5
-0.68939 1.0
-0.68915 1.4
-0.6889 1.9
-0.68866 2.3
-0.68842 2.8
-0.68817 3.2
-0.68793 3.6
-0.68768 4.0
-0.68744 4.4
-0.68719 4.8
-0.68695 5.2
-0.68671 5.6
-0.68646 6.0
-0.68622 6.3
-0.68597 6.6
-0.68573 7.0
-0.68549 7.3
-0.68524 7.6
-0.685 7.8
-0.68475 8.1
-0.68451 8.4
-0.68427 8.6
-0.68402 8.8
-0.68378 9.0
-0.68353 9.1
-0.68329 9.3
-0.68304 9.4
-0.6828 9.5
-0.68256 9.6
-0.68231 9.7
-0.68207 9.7
-0.68182 9.8
-0.68158 9.8
-0.68134 9.7
-0.68109 9.7
-0.68085 9.6
-0.6806 9.6
-0.68036 9.5
-0.68011 9.3
-0.67987 9.2
-0.67963 9.0
-0.67938 8.9
-0.67914 8.7
-0.67889 8.4
-0.67865 8.2
-0.67841 8.0
-0.67816 7.7
-0.67792 7.4
-0.67767 7.1
-0.67743 6.8
-0.67719 6.4
-0.67694 6.1
-0.6767 5.7
-0.67645 5.3
-0.67621 5.0
-0.67596 4.6
-0.67572 4.2
-0.67548 3.7
-0.67523 3.3
-0.67499 2.9
-0.67474 2.4
-0.6745 2.0
-0.67426 1.6
-0.67401 1.1
-0.67377 0.6
-0.67352 0.2
-0.67328 -0.3
-0.67303 -0.7
-0.67279 -1.2
-0.67255 -1.6
-0.6723 -2.1
-0.67206 -2.5
-0.67181 -3.0
-0.67157 -3.4
-0.67133 -3.8
-0.67108 -4.2
-0.67084 -4.6
-0.67059 -5.0
-0.67035 -5.4
-0.6701 -5.8
-0.66986 -6.2
-0.66962 -6.5
-0.66937 -6.9
-0.66913 -7.2
-0.66888 -7.5
-0.66864 -7.8
-0.6684 -8.0
-0.66815 -8.3
-0.66791 -8.5
-0.66766 -8.7
-0.66742 -8.9
-0.66718 -9.1
-0.66693 -9.3
-0.66669 -9.4
-0.66644 -9.5
-0.6662 -9.6
-0.66595 -9.7
-0.66571 -9.8
-0.66547 -9.8
-0.66522 -9.8
-0.66498 -9.8
-0.66473 -9.8
-0.66449 -9.7
-0.66425 -9.6
-0.664 -9.5
-0.66376 -9.4
-0.66351 -9.3
-0.66327 -9.1
-0.66302 -9.0
-0.66278 -8.8
-0.66254 -8.5
-0.66229 -8.3
-0.66205 -8.1
-0.6618 -7.8
-0.66156 -7.5
-0.66132 -7.2
-0.66107 -6.9
-0.66083 -6.5
-0.66058 -6.2
-0.66034 -5.8
-0.6601 -5.4
-0.65985 -5.0
-0.65961 -4.6
-0.65936 -4.2
-0.65912 -3.8
-0.65887 -3.4
-0.65863 -2.9
-0.65839 -2.5
-0.65814 -2.1
-0.6579 -1.6
-0.65765 -1.1
-0.65741 -0.7
-0.65717 -0.2
-0.65692 0.2
-0.65668 0.7
-0.65643 1.2
-0.65619 1.6
-0.65594 2.1
-0.6557 2.5
-0.65546 3.0
-0.65521 3.4
-0.65497 3.8
-0.65472 4.3
-0.65448 4.7
-0.65424 5.1
-0.65399 5.5
-0.65375 5.9
-0.6535 6.2
-0.65326 6.6
-0.65302 6.9
-0.65277 7.2
-0.65253 7.5
-0.65228 7.8
-0.65204 8.1
-0.65179 8.4
-0.65155 8.6
-0.65131 8.8
-0.65106 9.0
-0.65082 9.2
-0.65057 9.4
-0.65033 9.5
-0.65009 9.6
-0.64984 9.7
-0.6496 9.8
-0.64935 9.8
-0.64911 9.9
-0.64886 9.9
-0.64862 9.9
-0.64838 9.8
-0.64813 9.8
-0.64789 9.7
-0.64764 9.6
-0.6474 9.4
-0.64716 9.3
-0.64691 9.1
-0.64667 9.0
-0.64642 8.7
-0.64618 8.5
-0.64594 8.3
-0.64569 8.0
-0.64545 7.7
-0.6452 7.4
-0.64496 7.1
-0.64471 6.8
-0.64447 6.4
-0.64423 6.1
-0.64398 5.7
-0.64374 5.3
-0.64349 4.9
-0.64325 4.5
-0.64301 4.1
-0.64276 3.6
-0.64252 3.2
-0.64227 2.8
-0.64203 2.3
-0.64178 1.8
-0.64154 1.4
-0.6413 0.9
-0.64105 0.5
-0.64081 0.0
-0.64056 -0.5
-0.64032 -1.0
-0.64008 -1.4
-0.63983 -1.9
-0.63959 -2.3
-0.63934 -2.8
-0.6391 -3.2
-0.63885 -3.7
-0.63861 -4.1
-0.63837 -4.5
-0.63812 -5.0
-0.63788 -5.4
-0.63763 -5.8
-0.63739 -6.1
-0.63715 -6.5
-0.6369 -6.8
-0.63666 -7.2
-0.63641 -7.5
-0.63617 -7.8
-0.63593 -8.1
-0.63568 -8.3
-0.63544 -8.6
-0.63519 -8.8
-0.63495 -9.0
-0.6347 -9.2
-0.63446 -9.4
-0.63422 -9.5
-0.63397 -9.6
-0.63373 -9.7
-0.63348 -9.8
-0.63324 -9.9
-0.633 -9.9
-0.63275 -9.9
-0.63251 -9.9
-0.63226 -9.9
-0.63202 -9.8
-0.63177 -9.7
-0.63153 -9.6
-0.63129 -9.5
-0.63104 -9.4
-0.6308 -9.2
-0.63055 -9.0
-0.63031 -8.8
-0.63007 -8.6
-0.62982 -8.3
-0.62958 -8.1
-0.62933 -7.8
-0.62909 -7.5
-0.62885 -7.2
-0.6286 -6.8
-0.62836 -6.5
-0.62811 -6.1
-0.62787 -5.7
-0.62762 -5.3
-0.62738 -4.9
-0.62714 -4.5
-0.62689 -4.1
-0.62665 -3.7
-0.6264 -3.2
-0.62616 -2.8
-0.62592 -2.3
-0.62567 -1.8
-0.62543 -1.4
-0.62518 -0.9
-0.62494 -0.4
-0.62469 0.0
-0.62445 0.5
-0.62421 1.0
-0.62396 1.5
-0.62372 2.0
-0.62347 2.4
-0.62323 2.9
-0.62299 3.3
-0.62274 3.8
-0.6225 4.2
-0.62225 4.7
-0.62201 5.1
-0.62177 5.5
-0.62152 5.9
-0.62128 6.2
-0.62103 6.6
-0.62079 7.0
-0.62054 7.3
-0.6203 7.6
-0.62006 7.9
-0.61981 8.2
-0.61957 8.5
-0.61932 8.7
-0.61908 8.9
-0.61884 9.1
-0.61859 9.3
-0.61835 9.5
-0.6181 9.6
-0.61786 9.7
-0.61761 9.8
-0.61737 9.9
-0.61713 9.9
-0.61688 10.0
-0.61664 10.0
-0.61639 10.0
-0.61615 9.9
-0.61591 9.8
-0.61566 9.8
-0.61542 9.6
-0.61517 9.5
-0.61493 9.4
-0.61469 9.2
-0.61444 9.0
-0.6142 8.8
-0.61395 8.5
-0.61371 8.3
-0.61346 8.0
-0.61322 7.7
-0.61298 7.4
-0.61273 7.0
-0.61249 6.7
-0.61224 6.3
-0.612 5.9
-0.61176 5.5
-0.61151 5.1
-0.61127 4.7
-0.61102 4.3
-0.61078 3.8
-0.61053 3.4
-0.61029 2.9
-0.61005 2.5
-0.6098 2.0
-0.60956 1.5
-0.60931 1.1
-0.60907 0.6
-0.60883 0.0
-0.60858 -0.4
-0.60834 -0.9
-0.60809 -1.4
-0.60785 -1.8
-0.6076 -2.3
-0.60736 -2.8
-0.60712 -3.2
-0.60687 -3.7
-0.60663 -4.1
-0.60638 -4.6
-0.60614 -5.0
-0.6059 -5.4
-0.60565 -5.8
-0.60541 -6.2
-0.60516 -6.6
-0.60492 -6.9
-0.60468 -7.3
-0.60443 -7.6
-0.60419 -7.9
-0.60394 -8.2
-0.6037 -8.5
-0.60345 -8.7
-0.60321 -9.0
-0.60297 -9.2
-0.60272 -9.4
-0.60248 -9.5
-0.60223 -9.7
-0.60199 -9.8
-0.60175 -9.9
-0.6015 -10.0
-0.60126 -10.0
-0.60101 -10.0
-0.60077 -10.0
-0.60052 -10.0
-0.60028 -10.0
-0.60004 -9.9
-0.59979 -9.8
-0.59955 -9.7
-0.5993 -9.6
-0.59906 -9.4
-0.59882 -9.2
-0.59857 -9.0
-0.59833 -8.8
-0.59808 -8.6
-0.59784 -8.3
-0.5976 -8.0
-0.59735 -7.7
-0.59711 -7.4
-0.59686 -7.0
-0.59662 -6.7
-0.59637 -6.3
-0.59613 -5.9
-0.59589 -5.5
-0.59564 -5.1
-0.5954 -4.7
-0.59515 -4.2
-0.59491 -3.8
-0.59467 -3.3
-0.59442 -2.9
-0.59418 -2.4
-0.59393 -1.9
-0.59369 -1.4
-0.59344 -0.9
-0.5932 -0.4
-0.59296 0.0
-0.59271 0.5
-0.59247 1.0
-0.59222 1.5
-0.59198 2.0
-0.59174 2.5
-0.59149 3.0
-0.59125 3.4
-0.591 3.9
-0.59076 4.3
-0.59052 4.8
-0.59027 5.2
-0.59003 5.6
-0.58978 6.0
-0.58954 6.4
-0.58929 6.8
-0.58905 7.1
-0.58881 7.5
-0.58856 7.8
-0.58832 8.1
-0.58807 8.4
-0.58783 8.7
-0.58759 8.9
-0.58734 9.1
-0.5871 9.3
-0.58685 9.5
-0.58661 9.7
-0.58636 9.8
-0.58612 9.9
-0.58588 10.0
-0.58563 10.0
-0.58539 10.1
-0.58514 10.1
-0.5849 10.1
-0.58466 10.1
-0.58441 10.0
-0.58417 9.9
-0.58392 9.8
-0.58368 9.7
-0.58344 9.5
-0.58319 9.3
-0.58295 9.2
-0.5827 8.9
-0.58246 8.7
-0.58221 8.4
-0.58197 8.1
-0.58173 7.8
-0.58148 7.5
-0.58124 7.2
-0.58099 6.8
-0.58075 6.4
-0.58051 6.1
-0.58026 5.6
-0.58002 5.2
-0.57977 4.8
-0.57953 4.4
-0.57928 3.9
-0.57904 3.4
-0.5788 3.0
-0.57855 2.5
-0.57831 2.0
-0.57806 1.5
-0.57782 1.0
-0.57758 0.5
-0.57733 0.0
-0.57709 -0.5
-0.57684 -1.0
-0.5766 -1.5
-0.57635 -2.0
-0.57611 -2.5
-0.57587 -2.9
-0.57562 -3.4
-0.57538 -3.9
-0.57513 -4.3
-0.57489 -4.8
-0.57465 -5.2
-0.5744 -5.6
-0.57416 -6.0
-0.57391 -6.4
-0.57367 -6.8
-0.57343 -7.2
-0.57318 -7.5
-0.57294 -7.9
-0.57269 -8.2
-0.57245 -8.5
-0.5722 -8.7
-0.57196 -9.0
-0.57172 -9.2
-0.57147 -9.4
-0.57123 -9.6
-0.57098 -9.7
-0.57074 -9.9
-0.5705 -10.0
-0.57025 -10.1
-0.57001 -10.1
-0.56976 -10.2
-0.56952 -10.2
-0.56927 -10.1
-0.56903 -10.1
-0.56879 -10.0
-0.56854 -10.0
-0.5683 -9.8
-0.56805 -9.7
-0.56781 -9.5
-0.56757 -9.4
-0.56732 -9.2
-0.56708 -8.9
-0.56683 -8.7
-0.56659 -8.4
-0.56635 -8.1
-0.5661 -7.8
-0.56586 -7.5
-0.56561 -7.1
-0.56537 -6.7
-0.56512 -6.3
-0.56488 -5.9
-0.56464 -5.5
-0.56439 -5.1
-0.56415 -4.7
-0.5639 -4.2
-0.56366 -3.7
-0.56342 -3.3
-0.56317 -2.8
-0.56293 -2.3
-0.56268 -1.8
-0.56244 -1.3
-0.56219 -0.8
-0.56195 -0.3
-0.56171 0.2
-0.56146 0.7
-0.56122 1.2
-0.56097 1.7
-0.56073 2.2
-0.56049 2.7
-0.56024 3.2
-0.56 3.7
-0.55975 4.2
-0.55951 4.6
-0.55927 5.1
-0.55902 5.5
-0.55878 5.9
-0.55853 6.3
-0.55829 6.7
-0.55804 7.1
-0.5578 7.4
-0.55756 7.8
-0.55731 8.1
-0.55707 8.4
-0.55682 8.7
-0.55658 8.9
-0.55634 9.2
-0.55609 9.4
-0.55585 9.6
-0.5556 9.7
-0.55536 9.9
-0.55511 10.0
-0.55487 10.1
-0.55463 10.2
-0.55438 10.2
-0.55414 10.2
-0.55389 10.2
-0.55365 10.2
-0.55341 10.1
-0.55316 10.0
-0.55292 9.9
-0.55267 9.8
-0.55243 9.6
-0.55219 9.4
-0.55194 9.2
-0.5517 9.0
-0.55145 8.8
-0.55121 8.5
-0.55096 8.2
-0.55072 7.9
-0.55048 7.5
-0.55023 7.2
-0.54999 6.8
-0.54974 6.4
-0.5495 6.0
-0.54926 5.6
-0.54901 5.1
-0.54877 4.7
-0.54852 4.2
-0.54828 3.8
-0.54803 3.3
-0.54779 2.8
-0.54755 2.3
-0.5473 1.8
-0.54706 1.3
-0.54681 0.8
-0.54657 0.3
-0.54633 -0.3
-0.54608 -0.8
-0.54584 -1.3
-0.54559 -1.8
-0.54535 -2.3
-0.5451 -2.8
-0.54486 -3.3
-0.54462 -3.8
-0.54437 -4.2
-0.54413 -4.7
-0.54388 -5.2
-0.54364 -5.6
-0.5434 -6.0
-0.54315 -6.4
-0.54291 -6.8
-0.54266 -7.2
-0.54242 -7.6
-0.54218 -7.9
-0.54193 -8.2
-0.54169 -8.5
-0.54144 -8.8
-0.5412 -9.1
-0.54095 -9.3
-0.54071 -9.5
-0.54047 -9.7
-0.54022 -9.9
-0.53998 -10.0
-0.53973 -10.1
-0.53949 -10.2
-0.53925 -10.2
-0.539 -10.3
-0.53876 -10.3
-0.53851 -10.3
-0.53827 -10.2
-0.53802 -10.2
-0.53778 -10.1
-0.53754 -9.9
-0.53729 -9.8
-0.53705 -9.6
-0.5368 -9.4
-0.53656 -9.2
-0.53632 -9.0
-0.53607 -8.7
-0.53583 -8.4
-0.53558 -8.1
-0.53534 -7.7
-0.5351 -7.4
-0.53485 -7.0
-0.53461 -6.6
-0.53436 -6.2
-0.53412 -5.8
-0.53387 -5.4
-0.53363 -4.9
-0.53339 -4.5
-0.53314 -4.0
-0.5329 -3.5
-0.53265 -3.0
-0.53241 -2.5
-0.53217 -2.0
-0.53192 -1.5
-0.53168 -1.0
-0.53143 -0.4
-0.53119 0.0
-0.53094 0.6
-0.5307 1.1
-0.53046 1.7
-0.53021 2.2
-0.52997 2.7
-0.52972 3.2
-0.52948 3.7
-0.52924 4.2
-0.52899 4.6
-0.52875 5.1
-0.5285 5.5
-0.52826 6.0
-0.52802 6.4
-0.52777 6.8
-0.52753 7.2
-0.52728 7.6
-0.52704 7.9
-0.52679 8.2
-0.52655 8.5
-0.52631 8.8
-0.52606 9.1
-0.52582 9.3
-0.52557 9.6
-0.52533 9.7
-0.52509 9.9
-0.52484 10.0
-0.5246 10.2
-0.52435 10.3
-0.52411 10.3
-0.52386 10.3
-0.52362 10.4
-0.52338 10.3
-0.52313 10.3
-0.52289 10.2
-0.52264 10.1
-0.5224 10.0
-0.52216 9.8
-0.52191 9.7
-0.52167 9.5
-0.52142 9.2
-0.52118 9.0
-0.52094 8.7
-0.52069 8.4
-0.52045 8.1
-0.5202 7.8
-0.51996 7.4
-0.51971 7.0
-0.51947 6.6
-0.51923 6.2
-0.51898 5.8
-0.51874 5.3
-0.51849 4.9
-0.51825 4.4
-0.51801 3.9
-0.51776 3.4
-0.51752 2.9
-0.51727 2.4
-0.51703 1.9
-0.51678 1.3
-0.51654 0.8
-0.5163 0.3
-0.51605 -0.2
-0.51581 -0.8
-0.51556 -1.3
-0.51532 -1.8
-0.51508 -2.4
-0.51483 -2.9
-0.51459 -3.4
-0.51434 -3.9
-0.5141 -4.4
-0.51385 -4.8
-0.51361 -5.3
-0.51337 -5.8
-0.51312 -6.2
-0.51288 -6.6
-0.51263 -7.0
-0.51239 -7.4
-0.51215 -7.8
-0.5119 -8.1
-0.51166 -8.4
-0.51141 -8.7
-0.51117 -9.0
-0.51093 -9.3
-0.51068 -9.5
-0.51044 -9.7
-0.51019 -9.9
-0.50995 -10.1
-0.5097 -10.2
-0.50946 -10.3
-0.50922 -10.4
-0.50897 -10.4
-0.50873 -10.4
-0.50848 -10.4
-0.50824 -10.4
-0.508 -10.3
-0.50775 -10.2
-0.50751 -10.1
-0.50726 -10.0
-0.50702 -9.8
-0.50677 -9.6
-0.50653 -9.4
-0.50629 -9.1
-0.50604 -8.9
-0.5058 -8.6
-0.50555 -8.2
-0.50531 -7.9
-0.50507 -7.5
-0.50482 -7.2
-0.50458 -6.8
-0.50433 -6.3
-0.50409 -5.9
-0.50385 -5.5
-0.5036 -5.0
-0.50336 -4.5
-0.50311 -4.0
-0.50287 -3.5
-0.50262 -3.0
-0.50238 -2.5
-0.50214 -1.9
-0.50189 -1.4
-0.50165 -0.9
-0.5014 -0.3
-0.50116 0.2
-0.50092 0.7
-0.50067 1.3
-0.50043 1.8
-0.50018 2.3
-0.49994 2.9
-0.49969 3.4
-0.49945 3.9
-0.49921 4.4
-0.49896 4.9
-0.49872 5.4
-0.49847 5.8
-0.49823 6.3
-0.49799 6.7
-0.49774 7.1
-0.4975 7.5
-0.49725 7.9
-0.49701 8.2
-0.49677 8.5
-0.49652 8.8
-0.49628 9.1
-0.49603 9.4
-0.49579 9.6
-0.49554 9.8
-0.4953 10.0
-0.49506 10.1
-0.49481 10.3
-0.49457 10.4
-0.49432 10.4
-0.49408 10.5
-0.49384 10.5
-0.49359 10.5
-0.49335 10.4
-0.4931 10.4
-0.49286 10.3
-0.49261 10.1
-0.49237 10.0
-0.49213 9.8
-0.49188 9.6
-0.49164 9.4
-0.49139 9.1
-0.49115 8.8
-0.49091 8.5
-0.49066 8.2
-0.49042 7.8
-0.49017 7.4
-0.48993 7.1
-0.48969 6.6
-0.48944 6.2
-0.4892 5.8
-0.48895 5.3
-0.48871 4.8
-0.48846 4.3
-0.48822 3.8
-0.48798 3.3
-0.48773 2.8
-0.48749 2.2
-0.48724 1.7
-0.487 1.2
-0.48676 0.6
-0.48651 0.0
-0.48627 -0.5
-0.48602 -1.0
-0.48578 -1.6
-0.48553 -2.1
-0.48529 -2.7
-0.48505 -3.2
-0.4848 -3.7
-0.48456 -4.2
-0.48431 -4.7
-0.48407 -5.2
-0.48383 -5.7
-0.48358 -6.1
-0.48334 -6.6
-0.48309 -7.0
-0.48285 -7.4
-0.4826 -7.8
-0.48236 -8.2
-0.48212 -8.5
-0.48187 -8.8
-0.48163 -9.1
-0.48138 -9.4
-0.48114 -9.6
-0.4809 -9.8
-0.48065 -10.0
-0.48041 -10.2
-0.48016 -10.3
-0.47992 -10.4
-0.47968 -10.5
-0.47943 -10.5
-0.47919 -10.6
-0.47894 -10.6
-0.4787 -10.5
-0.47845 -10.4
-0.47821 -10.3
-0.47797 -10.2
-0.47772 -10.1
-0.47748 -9.9
-0.47723 -9.7
-0.47699 -9.4
-0.47675 -9.2
-0.4765 -8.9
-0.47626 -8.6
-0.47601 -8.2
-0.47577 -7.9
-0.47552 -7.5
-0.47528 -7.1
-0.47504 -6.7
-0.47479 -6.2
-0.47455 -5.8
-0.4743 -5.3
-0.47406 -4.8
-0.47382 -4.3
-0.47357 -3.8
-0.47333 -3.3
-0.47308 -2.7
-0.47284 -2.2
-0.4726 -1.6
-0.47235 -1.1
-0.47211 -0.5
-0.47186 0.0
-0.47162 0.6
-0.47137 1.2
-0.47113 1.7
-0.47089 2.3
-0.47064 2.8
-0.4704 3.3
-0.47015 3.9
-0.46991 4.4
-0.46967 4.9
-0.46942 5.4
-0.46918 5.9
-0.46893 6.3
-0.46869 6.8
-0.46844 7.2
-0.4682 7.6
-0.46796 8.0
-0.46771 8.3
-0.46747 8.7
-0.46722 9.0
-0.46698 9.3
-0.46674 9.5
-0.46649 9.8
-0.46625 10.0
-0.466 10.2
-0.46576 10.3
-0.46552 10.4
-0.46527 10.5
-0.46503 10.6
-0.46478 10.6
-0.46454 10.6
-0.46429 10.6
-0.46405 10.6
-0.46381 10.5
-0.46356 10.4
-0.46332 10.2
-0.46307 10.0
-0.46283 9.8
-0.46259 9.6
-0.46234 9.4
-0.4621 9.1
-0.46185 8.8
-0.46161 8.4
-0.46136 8.1
-0.46112 7.7
-0.46088 7.3
-0.46063 6.9
-0.46039 6.4
-0.46014 6.0
-0.4599 5.5
-0.45966 5.0
-0.45941 4.5
-0.45917 4.0
-0.45892 3.4
-0.45868 2.9
-0.45844 2.3
-0.45819 1.8
-0.45795 1.2
-0.4577 0.7
-0.45746 0.0
-0.45721 -0.5
-0.45697 -1.1
-0.45673 -1.6
-0.45648 -2.2
-0.45624 -2.7
-0.45599 -3.3
-0.45575 -3.8
-0.45551 -4.3
-0.45526 -4.9
-0.45502 -5.4
-0.45477 -5.9
-0.45453 -6.3
-0.45428 -6.8
-0.45404 -7.2
-0.4538 -7.6
-0.45355 -8.0
-0.45331 -8.4
-0.45306 -8.7
-0.45282 -9.0
-0.45258 -9.3
-0.45233 -9.6
-0.45209 -9.8
-0.45184 -10.1
-0.4516 -10.2
-0.45135 -10.4
-0.45111 -10.5
-0.45087 -10.6
-0.45062 -10.7
-0.45038 -10.7
-0.45013 -10.7
-0.44989 -10.7
-0.44965 -10.6
-0.4494 -10.5
-0.44916 -10.4
-0.44891 -10.3
-0.44867 -10.1
-0.44843 -9.9
-0.44818 -9.6
-0.44794 -9.4
-0.44769 -9.1
-0.44745 -8.8
-0.4472 -8.4
-0.44696 -8.0
-0.44672 -7.6
-0.44647 -7.2
-0.44623 -6.8
-0.44598 -6.3
-0.44574 -5.9
-0.4455 -5.4
-0.44525 -4.9
-0.44501 -4.3
-0.44476 -3.8
-0.44452 -3.3
-0.44427 -2.7
-0.44403 -2.1
-0.44379 -1.6
-0.44354 -1.0
-0.4433 -0.4
-0.44305 0.2
-0.44281 0.7
-0.44257 1.3
-0.44232 1.9
-0.44208 2.5
-0.44183 3.0
-0.44159 3.6
-0.44135 4.1
-0.4411 4.7
-0.44086 5.2
-0.44061 5.7
-0.44037 6.2
-0.44012 6.6
-0.43988 7.1
-0.43964 7.5
-0.43939 7.9
-0.43915 8.3
-0.4389 8.7
-0.43866 9.0
-0.43842 9.3
-0.43817 9.6
-0.43793 9.8
-0.43768 10.1
-0.43744 10.3
-0.43719 10.4
-0.43695 10.6
-0.43671 10.7
-0.43646 10.7
-0.43622 10.8
-0.43597 10.8
-0.43573 10.8
-0.43549 10.7
-0.43524 10.6
-0.435 10.5
-0.43475 10.4
-0.43451 10.2
-0.43427 10.0
-0.43402 9.7
-0.43378 9.5
-0.43353 9.2
-0.43329 8.9
-0.43304 8.5
-0.4328 8.1
-0.43256 7.7
-0.43231 7.3
-0.43207 6.9
-0.43182 6.4
-0.43158 5.9
-0.43134 5.4
-0.43109 4.9
-0.43085 4.4
-0.4306 3.8
-0.43036 3.3
-0.43011 2.7
-0.42987 2.1
-0.42963 1.6
-0.42938 1.0
-0.42914 0.4
-0.42889 -0.2
-0.42865 -0.8
-0.42841 -1.4
-0.42816 -2.0
-0.42792 -2.5
-0.42767 -3.1
-0.42743 -3.7
-0.42719 -4.2
-0.42694 -4.8
-0.4267 -5.3
-0.42645 -5.8
-0.42621 -6.3
-0.42596 -6.8
-0.42572 -7.2
-0.42548 -7.7
-0.42523 -8.1
-0.42499 -8.5
-0.42474 -8.8
-0.4245 -9.2
-0.42426 -9.5
-0.42401 -9.7
-0.42377 -10.0
-0.42352 -10.2
-0.42328 -10.4
-0.42303 -10.6
-0.42279 -10.7
-0.42255 -10.8
-0.4223 -10.8
-0.42206 -10.9
-0.42181 -10.9
-0.42157 -10.8
-0.42133 -10.8
-0.42108 -10.7
-0.42084 -10.5
-0.42059 -10.4
-0.42035 -10.2
-0.4201 -9.9
-0.41986 -9.7
-0.41962 -9.4
-0.41937 -9.1
-0.41913 -8.7
-0.41888 -8.4
-0.41864 -8.0
-0.4184 -7.6
-0.41815 -7.1
-0.41791 -6.7
-0.41766 -6.2
-0.41742 -5.7
-0.41718 -5.1
-0.41693 -4.6
-0.41669 -4.1
-0.41644 -3.5
-0.4162 -2.9
-0.41595 -2.3
-0.41571 -1.8
-0.41547 -1.2
-0.41522 -0.6
-0.41498 0.0
-0.41473 0.6
-0.41449 1.2
-0.41425 1.8
-0.414 2.4
-0.41376 3.0
-0.41351 3.6
-0.41327 4.2
-0.41302 4.7
-0.41278 5.2
-0.41254 5.8
-0.41229 6.3
-0.41205 6.8
-0.4118 7.2
-0.41156 7.7
-0.41132 8.1
-0.41107 8.5
-0.41083 8.9
-0.41058 9.2
-0.41034 9.5
-0.4101 9.8
-0.40985 10.1
-0.40961 10.3
-0.40936 10.5
-0.40912 10.6
-0.40887 10.8
-0.40863 10.9
-0.40839 10.9
-0.40814 11.0
-0.4079 10.9
-0.40765 10.9
-0.40741 10.8
-0.40717 10.7
-0.40692 10.6
-0.40668 10.4
-0.40643 10.2
-0.40619 10.0
-0.40594 9.7
-0.4057 9.4
-0.40546 9.1
-0.40521 8.7
-0.40497 8.4
-0.40472 8.0
-0.40448 7.5
-0.40424 7.1
-0.40399 6.6
-0.40375 6.1
-0.4035 5.6
-0.40326 5.0
-0.40302 4.5
-0.40277 3.9
-0.40253 3.3
-0.40228 2.8
-0.40204 2.2
-0.40179 1.6
-0.40155 0.9
-0.40131 0.3
-0.40106 -0.3
-0.40082 -0.9
-0.40057 -1.5
-0.40033 -2.1
-0.40009 -2.7
-0.39984 -3.3
-0.3996 -3.9
-0.39935 -4.5
-0.39911 -5.0
-0.39886 -5.5
-0.39862 -6.1
-0.39838 -6.6
-0.39813 -7.1
-0.39789 -7.5
-0.39764 -8.0
-0.3974 -8.4
-0.39716 -8.8
-0.39691 -9.1
-0.39667 -9.5
-0.39642 -9.8
-0.39618 -10.0
-0.39594 -10.3
-0.39569 -10.5
-0.39545 -10.7
-0.3952 -10.8
-0.39496 -10.9
-0.39471 -11.0
-0.39447 -11.0
-0.39423 -11.0
-0.39398 -11.0
-0.39374 -10.9
-0.39349 -10.8
-0.39325 -10.7
-0.39301 -10.5
-0.39276 -10.3
-0.39252 -10.1
-0.39227 -9.8
-0.39203 -9.5
-0.39178 -9.2
-0.39154 -8.9
-0.3913 -8.5
-0.39105 -8.1
-0.39081 -7.6
-0.39056 -7.2
-0.39032 -6.7
-0.39008 -6.2
-0.38983 -5.7
-0.38959 -5.1
-0.38934 -4.5
-0.3891 -4.0
-0.38885 -3.4
-0.38861 -2.8
-0.38837 -2.2
-0.38812 -1.6
-0.38788 -0.9
-0.38763 -0.3
-0.38739 0.3
-0.38715 0.9
-0.3869 1.6
-0.38666 2.2
-0.38641 2.8
-0.38617 3.4
-0.38593 4.0
-0.38568 4.6
-0.38544 5.1
-0.38519 5.7
-0.38495 6.2
-0.3847 6.7
-0.38446 7.2
-0.38422 7.7
-0.38397 8.1
-0.38373 8.5
-0.38348 8.9
-0.38324 9.3
-0.383 9.6
-0.38275 9.9
-0.38251 10.2
-0.38226 10.4
-0.38202 10.6
-0.38177 10.8
-0.38153 10.9
-0.38129 11.0
-0.38104 11.1
-0.3808 11.1
-0.38055 11.1
-0.38031 11.1
-0.38007 11.0
-0.37982 10.9
-0.37958 10.7
-0.37933 10.5
-0.37909 10.3
-0.37885 10.1
-0.3786 9.8
-0.37836 9.5
-0.37811 9.1
-0.37787 8.7
-0.37762 8.3
-0.37738 7.9
-0.37714 7.4
-0.37689 7.0
-0.37665 6.4
-0.3764 5.9
-0.37616 5.4
-0.37592 4.8
-0.37567 4.2
-0.37543 3.6
-0.37518 3.0
-0.37494 2.4
-0.37469 1.8
-0.37445 1.1
-0.37421 0.5
-0.37396 -0.1
-0.37372 -0.8
-0.37347 -1.4
-0.37323 -2.0
-0.37299 -2.7
-0.37274 -3.3
-0.3725 -3.9
-0.37225 -4.5
-0.37201 -5.1
-0.37177 -5.6
-0.37152 -6.2
-0.37128 -6.7
-0.37103 -7.2
-0.37079 -7.7
-0.37054 -8.1
-0.3703 -8.6
-0.37006 -9.0
-0.36981 -9.3
-0.36957 -9.7
-0.36932 -10.0
-0.36908 -10.3
-0.36884 -10.5
-0.36859 -10.7
-0.36835 -10.9
-0.3681 -11.0
-0.36786 -11.1
-0.36761 -11.2
-0.36737 -11.2
-0.36713 -11.2
-0.36688 -11.2
-0.36664 -11.1
-0.36639 -11.0
-0.36615 -10.8
-0.36591 -10.6
-0.36566 -10.4
-0.36542 -10.1
-0.36517 -9.8
-0.36493 -9.5
-0.36469 -9.1
-0.36444 -8.7
-0.3642 -8.3
-0.36395 -7.9
-0.36371 -7.4
-0.36346 -6.9
-0.36322 -6.4
-0.36298 -5.8
-0.36273 -5.3
-0.36249 -4.7
-0.36224 -4.1
-0.362 -3.5
-0.36176 -2.8
-0.36151 -2.2
-0.36127 -1.6
-0.36102 -0.9
-0.36078 -0.3
-0.36053 0.4
-0.36029 1.0
-0.36005 1.7
-0.3598 2.3
-0.35956 3.0
-0.35931 3.6
-0.35907 4.2
-0.35883 4.8
-0.35858 5.4
-0.35834 6.0
-0.35809 6.5
-0.35785 7.0
-0.3576 7.5
-0.35736 8.0
-0.35712 8.5
-0.35687 8.9
-0.35663 9.3
-0.35638 9.6
-0.35614 10.0
-0.3559 10.3
-0.35565 10.5
-0.35541 10.7
-0.35516 10.9
-0.35492 11.1
-0.35468 11.2
-0.35443 11.3
-0.35419 11.3
-0.35394 11.3
-0.3537 11.3
-0.35345 11.2
-0.35321 11.1
-0.35297 10.9
-0.35272 10.7
-0.35248 10.5
-0.35223 10.2
-0.35199 9.9
-0.35175 9.6
-0.3515 9.2
-0.35126 8.9
-0.35101 8.4
-0.35077 8.0
-0.35052 7.5
-0.35028 7.0
-0.35004 6.4
-0.34979 5.9
-0.34955 5.3
-0.3493 4.7
-0.34906 4.1
-0.34882 3.5
-0.34857 2.8
-0.34833 2.2
-0.34808 1.5
-0.34784 0.9
-0.3476 0.2
-0.34735 -0.4
-0.34711 -1.1
-0.34686 -1.8
-0.34662 -2.4
-0.34637 -3.1
-0.34613 -3.7
-0.34589 -4.3
-0.34564 -4.9
-0.3454 -5.5
-0.34515 -6.1
-0.34491 -6.7
-0.34467 -7.2
-0.34442 -7.7
-0.34418 -8.2
-0.34393 -8.6
-0.34369 -9.1
-0.34344 -9.5
-0.3432 -9.8
-0.34296 -10.1
-0.34271 -10.4
-0.34247 -10.7
-0.34222 -10.9
-0.34198 -11.1
-0.34174 -11.2
-0.34149 -11.3
-0.34125 -11.4
-0.341 -11.4
-0.34076 -11.4
-0.34052 -11.3
-0.34027 -11.2
-0.34003 -11.1
-0.33978 -10.9
-0.33954 -10.7
-0.33929 -10.5
-0.33905 -10.2
-0.33881 -9.9
-0.33856 -9.5
-0.33832 -9.1
-0.33807 -8.7
-0.33783 -8.2
-0.33759 -7.8
-0.33734 -7.2
-0.3371 -6.7
-0.33685 -6.1
-0.33661 -5.6
-0.33636 -5.0
-0.33612 -4.3
-0.33588 -3.7
-0.33563 -3.1
-0.33539 -2.4
-0.33514 -1.7
-0.3349 -1.1
-0.33466 -0.4
-0.33441 0.3
-0.33417 1.0
-0.33392 1.7
-0.33368 2.3
-0.33344 3.0
-0.33319 3.6
-0.33295 4.3
-0.3327 4.9
-0.33246 5.5
-0.33221 6.1
-0.33197 6.7
-0.33173 7.2
-0.33148 7.7
-0.33124 8.2
-0.33099 8.7
-0.33075 9.1
-0.33051 9.5
-0.33026 9.9
-0.33002 10.2
-0.32977 10.5
-0.32953 10.8
-0.32928 11.0
-0.32904 11.2
-0.3288 11.3
-0.32855 11.4
-0.32831 11.5
-0.32806 11.5
-0.32782 11.5
-0.32758 11.4
-0.32733 11.3
-0.32709 11.2
-0.32684 11.0
-0.3266 10.8
-0.32635 10.5
-0.32611 10.2
-0.32587 9.9
-0.32562 9.5
-0.32538 9.1
-0.32513 8.6
-0.32489 8.2
-0.32465 7.7
-0.3244 7.1
-0.32416 6.6
-0.32391 6.0
-0.32367 5.4
-0.32343 4.8
-0.32318 4.1
-0.32294 3.5
-0.32269 2.8
-0.32245 2.1
-0.3222 1.5
-0.32196 0.8
-0.32172 0.0
-0.32147 -0.6
-0.32123 -1.3
-0.32098 -2.0
-0.32074 -2.7
-0.3205 -3.4
-0.32025 -4.0
-0.32001 -4.7
-0.31976 -5.3
-0.31952 -5.9
-0.31927 -6.5
-0.31903 -7.1
-0.31879 -7.6
-0.31854 -8.1
-0.3183 -8.6
-0.31805 -9.1
-0.31781 -9.5
-0.31757 -9.9
-0.31732 -10.2
-0.31708 -10.5
-0.31683 -10.8
-0.31659 -11.0
-0.31635 -11.2
-0.3161 -11.4
-0.31586 -11.5
-0.31561 -11.6
-0.31537 -11.6
-0.31512 -11.6
-0.31488 -11.5
-0.31464 -11.4
-0.31439 -11.3
-0.31415 -11.1
-0.3139 -10.9
-0.31366 -10.6
-0.31342 -10.3
-0.31317 -10.0
-0.31293 -9.6
-0.31268 -9.2
-0.31244 -8.7
-0.31219 -8.2
-0.31195 -7.7
-0.31171 -7.2
-0.31146 -6.6
-0.31122 -6.0
-0.31097 -5.4
-0.31073 -4.8
-0.31049 -4.1
-0.31024 -3.5
-0.31 -2.8
-0.30975 -2.1
-0.30951 -1.4
-0.30927 -0.7
-0.30902 0.0
-0.30878 0.8
-0.30853 1.5
-0.30829 2.2
-0.30804 2.9
-0.3078 3.6
-0.30756 4.2
-0.30731 4.9
-0.30707 5.5
-0.30682 6.1
-0.30658 6.7
-0.30634 7.3
-0.30609 7.9
-0.30585 8.4
-0.3056 8.9
-0.30536 9.3
-0.30511 9.7
-0.30487 10.1
-0.30463 10.5
-0.30438 10.8
-0.30414 11.0
-0.30389 11.2
-0.30365 11.4
-0.30341 11.6
-0.30316 11.7
-0.30292 11.7
-0.30267 11.7
-0.30243 11.7
-0.30219 11.6
-0.30194 11.5
-0.3017 11.3
-0.30145 11.1
-0.30121 10.8
-0.30096 10.5
-0.30072 10.2
-0.30048 9.8
-0.30023 9.4
-0.29999 9.0
-0.29974 8.5
-0.2995 8.0
-0.29926 7.4
-0.29901 6.8
-0.29877 6.2
-0.29852 5.6
-0.29828 5.0
-0.29803 4.3
-0.29779 3.6
-0.29755 2.9
-0.2973 2.2
-0.29706 1.5
-0.29681 0.8
-0.29657 0.0
-0.29633 -0.7
-0.29608 -1.4
-0.29584 -2.1
-0.29559 -2.9
-0.29535 -3.6
-0.2951 -4.2
-0.29486 -4.9
-0.29462 -5.6
-0.29437 -6.2
-0.29413 -6.8
-0.29388 -7.4
-0.29364 -8.0
-0.2934 -8.5
-0.29315 -9.0
-0.29291 -9.4
-0.29266 -9.9
-0.29242 -10.2
-0.29218 -10.6
-0.29193 -10.9
-0.29169 -11.2
-0.29144 -11.4
-0.2912 -11.6
-0.29095 -11.7
-0.29071 -11.8
-0.29047 -11.8
-0.29022 -11.8
-0.28998 -11.8
-0.28973 -11.7
-0.28949 -11.5
-0.28925 -11.3
-0.289 -11.1
-0.28876 -10.8
-0.28851 -10.5
-0.28827 -10.2
-0.28802 -9.8
-0.28778 -9.3
-0.28754 -8.8
-0.28729 -8.3
-0.28705 -7.8
-0.2868 -7.2
-0.28656 -6.6
-0.28632 -6.0
-0.28607 -5.3
-0.28583 -4.7
-0.28558 -4.0
-0.28534 -3.3
-0.2851 -2.5
-0.28485 -1.8
-0.28461 -1.1
-0.28436 -0.3
-0.28412 0.4
-0.28387 1.2
-0.28363 1.9
-0.28339 2.6
-0.28314 3.4
-0.2829 4.1
-0.28265 4.8
-0.28241 5.4
-0.28217 6.1
-0.28192 6.7
-0.28168 7.3
-0.28143 7.9
-0.28119 8.5
-0.28094 9.0
-0.2807 9.4
-0.28046 9.9
-0.28021 10.3
-0.27997 10.7
-0.27972 11.0
-0.27948 11.2
-0.27924 11.5
-0.27899 11.7
-0.27875 11.8
-0.2785 11.9
-0.27826 11.9
-0.27802 11.9
-0.27777 11.9
-0.27753 11.8
-0.27728 11.6
-0.27704 11.4
-0.27679 11.2
-0.27655 10.9
-0.27631 10.6
-0.27606 10.2
-0.27582 9.8
-0.27557 9.3
-0.27533 8.9
-0.27509 8.3
-0.27484 7.8
-0.2746 7.2
-0.27435 6.6
-0.27411 5.9
-0.27386 5.2
-0.27362 4.5
-0.27338 3.8
-0.27313 3.1
-0.27289 2.4
-0.27264 1.6
-0.2724 0.8
-0.27216 0.0
-0.27191 -0.7
-0.27167 -1.4
-0.27142 -2.2
-0.27118 -2.9
-0.27094 -3.7
-0.27069 -4.4
-0.27045 -5.1
-0.2702 -5.8
-0.26996 -6.5
-0.26971 -7.1
-0.26947 -7.7
-0.26923 -8.3
-0.26898 -8.8
-0.26874 -9.3
-0.26849 -9.8
-0.26825 -10.2
-0.26801 -10.6
-0.26776 -11.0
-0.26752 -11.3
-0.26727 -11.5
-0.26703 -11.7
-0.26678 -11.9
-0.26654 -12.0
-0.2663 -12.0
-0.26605 -12.1
-0.26581 -12.0
-0.26556 -11.9
-0.26532 -11.8
-0.26508 -11.6
-0.26483 -11.4
-0.26459 -11.1
-0.26434 -10.8
-0.2641 -10.4
-0.26385 -10.0
-0.26361 -9.5
-0.26337 -9.0
-0.26312 -8.5
-0.26288 -7.9
-0.26263 -7.3
-0.26239 -6.7
-0.26215 -6.0
-0.2619 -5.3
-0.26166 -4.6
-0.26141 -3.9
-0.26117 -3.1
-0.26093 -2.4
-0.26068 -1.6
-0.26044 -0.8
-0.26019 0.0
-0.25995 0.8
-0.2597 1.5
-0.25946 2.3
-0.25922 3.1
-0.25897 3.8
-0.25873 4.6
-0.25848 5.3
-0.25824 6.0
-0.258 6.7
-0.25775 7.3
-0.25751 7.9
-0.25726 8.5
-0.25702 9.1
-0.25677 9.6
-0.25653 10.0
-0.25629 10.5
-0.25604 10.8
-0.2558 11.2
-0.25555 11.5
-0.25531 11.7
-0.25507 11.9
-0.25482 12.0
-0.25458 12.1
-0.25433 12.2
-0.25409 12.2
-0.25385 12.1
-0.2536 12.0
-0.25336 11.8
-0.25311 11.6
-0.25287 11.3
-0.25262 11.0
-0.25238 10.7
-0.25214 10.2
-0.25189 9.8
-0.25165 9.3
-0.2514 8.8
-0.25116 8.2
-0.25092 7.6
-0.25067 6.9
-0.25043 6.3
-0.25018 5.6
-0.24994 4.8
-0.24969 4.1
-0.24945 3.3
-0.24921 2.5
-0.24896 1.8
-0.24872 1.0
-0.24847 0.2
-0.24823 -0.6
-0.24799 -1.4
-0.24774 -2.2
-0.2475 -3.0
-0.24725 -3.8
-0.24701 -4.6
-0.24677 -5.3
-0.24652 -6.0
-0.24628 -6.7
-0.24603 -7.4
-0.24579 -8.0
-0.24554 -8.6
-0.2453 -9.2
-0.24506 -9.7
-0.24481 -10.2
-0.24457 -10.6
-0.24432 -11.0
-0.24408 -11.3
-0.24384 -11.6
-0.24359 -11.9
-0.24335 -12.1
-0.2431 -12.2
-0.24286 -12.3
-0.24261 -12.3
-0.24237 -12.3
-0.24213 -12.2
-0.24188 -12.1
-0.24164 -11.9
-0.24139 -11.6
-0.24115 -11.4
-0.24091 -11.0
-0.24066 -10.6
-0.24042 -10.2
-0.24017 -9.7
-0.23993 -9.2
-0.23969 -8.6
-0.23944 -8.0
-0.2392 -7.4
-0.23895 -6.7
-0.23871 -6.0
-0.23846 -5.3
-0.23822 -4.5
-0.23798 -3.7
-0.23773 -2.9
-0.23749 -2.1
-0.23724 -1.3
-0.237 -0.5
-0.23676 0.3
-0.23651 1.2
-0.23627 2.0
-0.23602 2.8
-0.23578 3.6
-0.23553 4.4
-0.23529 5.1
-0.23505 5.9
-0.2348 6.6
-0.23456 7.3
-0.23431 8.0
-0.23407 8.6
-0.23383 9.2
-0.23358 9.7
-0.23334 10.2
-0.23309 10.7
-0.23285 11.1
-0.2326 11.4
-0.23236 11.7
-0.23212 12.0
-0.23187 12.2
-0.23163 12.3
-0.23138 12.4
-0.23114 12.4
-0.2309 12.4
-0.23065 12.3
-0.23041 12.2
-0.23016 12.0
-0.22992 11.8
-0.22968 11.5
-0.22943 11.1
-0.22919 10.7
-0.22894 10.2
-0.2287 9.7
-0.22845 9.2
-0.22821 8.6
-0.22797 8.0
-0.22772 7.3
-0.22748 6.6
-0.22723 5.9
-0.22699 5.1
-0.22675 4.3
-0.2265 3.5
-0.22626 2.7
-0.22601 1.9
-0.22577 1.0
-0.22552 0.2
-0.22528 -0.6
-0.22504 -1.5
-0.22479 -2.3
-0.22455 -3.2
-0.2243 -4.0
-0.22406 -4.8
-0.22382 -5.6
-0.22357 -6.3
-0.22333 -7.0
-0.22308 -7.7
-0.22284 -8.4
-0.2226 -9.0
-0.22235 -9.6
-0.22211 -10.1
-0.22186 -10.6
-0.22162 -11.0
-0.22137 -11.4
-0.22113 -11.8
-0.22089 -12.0
-0.22064 -12.3
-0.2204 -12.4
-0.22015 -12.5
-0.21991 -12.6
-0.21967 -12.6
-0.21942 -12.5
-0.21918 -12.4
-0.21893 -12.2
-0.21869 -11.9
-0.21844 -11.6
-0.2182 -11.3
-0.21796 -10.9
-0.21771 -10.4
-0.21747 -9.9
-0.21722 -9.3
-0.21698 -8.7
-0.21674 -8.1
-0.21649 -7.4
-0.21625 -6.7
-0.216 -5.9
-0.21576 -5.2
-0.21552 -4.3
-0.21527 -3.5
-0.21503 -2.7
-0.21478 -1.8
-0.21454 -0.9
-0.21429 0.0
-0.21405 0.8
-0.21381 1.7
-0.21356 2.5
-0.21332 3.4
-0.21307 4.2
-0.21283 5.0
-0.21259 5.8
-0.21234 6.6
-0.2121 7.3
-0.21185 8.0
-0.21161 8.7
-0.21136 9.3
-0.21112 9.9
-0.21088 10.4
-0.21063 10.9
-0.21039 11.3
-0.21014 11.7
-0.2099 12.0
-0.20966 12.3
-0.20941 12.5
-0.20917 12.6
-0.20892 12.7
-0.20868 12.7
-0.20844 12.7
-0.20819 12.6
-0.20795 12.4
-0.2077 12.2
-0.20746 11.9
-0.20721 11.5
-0.20697 11.1
-0.20673 10.7
-0.20648 10.2
-0.20624 9.6
-0.20599 9.0
-0.20575 8.3
-0.20551 7.6
-0.20526 6.9
-0.20502 6.1
-0.20477 5.3
-0.20453 4.5
-0.20428 3.7
-0.20404 2.8
-0.2038 1.9
-0.20355 1.0
-0.20331 0.1
-0.20306 -0.8
-0.20282 -1.7
-0.20258 -2.6
-0.20233 -3.4
-0.20209 -4.3
-0.20184 -5.1
-0.2016 -6.0
-0.20135 -6.7
-0.20111 -7.5
-0.20087 -8.2
-0.20062 -8.9
-0.20038 -9.5
-0.20013 -10.1
-0.19989 -10.7
-0.19965 -11.1
-0.1994 -11.6
-0.19916 -11.9
-0.19891 -12.3
-0.19867 -12.5
-0.19843 -12.7
-0.19818 -12.8
-0.19794 -12.9
-0.19769 -12.9
-0.19745 -12.8
-0.1972 -12.7
-0.19696 -12.5
-0.19672 -12.2
-0.19647 -11.9
-0.19623 -11.5
-0.19598 -11.0
-0.19574 -10.5
-0.1955 -10.0
-0.19525 -9.4
-0.19501 -8.7
-0.19476 -8.0
-0.19452 -7.3
-0.19427 -6.5
-0.19403 -5.7
-0.19379 -4.9
-0.19354 -4.0
-0.1933 -3.1
-0.19305 -2.2
-0.19281 -1.3
-0.19257 -0.4
-0.19232 0.6
-0.19208 1.5
-0.19183 2.4
-0.19159 3.3
-0.19135 4.2
-0.1911 5.1
-0.19086 5.9
-0.19061 6.8
-0.19037 7.5
-0.19012 8.3
-0.18988 9.0
-0.18964 9.6
-0.18939 10.2
-0.18915 10.8
-0.1889 11.3
-0.18866 11.7
-0.18842 12.1
-0.18817 12.4
-0.18793 12.7
-0.18768 12.9
-0.18744 13.0
-0.18719 13.0
-0.18695 13.0
-0.18671 12.9
-0.18646 12.8
-0.18622 12.6
-0.18597 12.3
-0.18573 11.9
-0.18549 11.5
-0.18524 11.0
-0.185 10.5
-0.18475 9.9
-0.18451 9.3
-0.18427 8.6
-0.18402 7.8
-0.18378 7.1
-0.18353 6.2
-0.18329 5.4
-0.18304 4.5
-0.1828 3.6
-0.18256 2.7
-0.18231 1.7
-0.18207 0.8
-0.18182 -0.2
-0.18158 -1.1
-0.18134 -2.1
-0.18109 -3.0
-0.18085 -4.0
-0.1806 -4.9
-0.18036 -5.8
-0.18011 -6.6
-0.17987 -7.4
-0.17963 -8.2
-0.17938 -8.9
-0.17914 -9.6
-0.17889 -10.3
-0.17865 -10.8
-0.17841 -11.4
-0.17816 -11.8
-0.17792 -12.2
-0.17767 -12.6
-0.17743 -12.8
-0.17719 -13.0
-0.17694 -13.1
-0.1767 -13.2
-0.17645 -13.2
-0.17621 -13.1
-0.17596 -12.9
-0.17572 -12.7
-0.17548 -12.4
-0.17523 -12.0
-0.17499 -11.6
-0.17474 -11.1
-0.1745 -10.5
-0.17426 -9.9
-0.17401 -9.2
-0.17377 -8.5
-0.17352 -7.7
-0.17328 -6.9
-0.17303 -6.1
-0.17279 -5.2
-0.17255 -4.3
-0.1723 -3.3
-0.17206 -2.4
-0.17181 -1.4
-0.17157 -0.4
-0.17133 0.6
-0.17108 1.6
-0.17084 2.6
-0.17059 3.5
-0.17035 4.5
-0.1701 5.4
-0.16986 6.3
-0.16962 7.2
-0.16937 8.0
-0.16913 8.8
-0.16888 9.5
-0.16864 10.2
-0.1684 10.8
-0.16815 11.4
-0.16791 11.9
-0.16766 12.3
-0.16742 12.7
-0.16718 12.9
-0.16693 13.2
-0.16669 13.3
-0.16644 13.4
-0.1662 13.4
-0.16595 13.3
-0.16571 13.1
-0.16547 12.9
-0.16522 12.6
-0.16498 12.2
-0.16473 11.8
-0.16449 11.3
-0.16425 10.7
-0.164 10.0
-0.16376 9.3
-0.16351 8.6
-0.16327 7.8
-0.16302 6.9
-0.16278 6.0
-0.16254 5.1
-0.16229 4.1
-0.16205 3.2
-0.1618 2.2
-0.16156 1.1
-0.16132 0.1
-0.16107 -0.9
-0.16083 -1.9
-0.16058 -2.9
-0.16034 -3.9
-0.1601 -4.9
-0.15985 -5.8
-0.15961 -6.8
-0.15936 -7.6
-0.15912 -8.5
-0.15887 -9.2
-0.15863 -10.0
-0.15839 -10.7
-0.15814 -11.3
-0.1579 -11.8
-0.15765 -12.3
-0.15741 -12.7
-0.15717 -13.0
-0.15692 -13.3
-0.15668 -13.5
-0.15643 -13.5
-0.15619 -13.6
-0.15594 -13.5
-0.1557 -13.4
-0.15546 -13.1
-0.15521 -12.8
-0.15497 -12.5
-0.15472 -12.0
-0.15448 -11.5
-0.15424 -10.9
-0.15399 -10.2
-0.15375 -9.5
-0.1535 -8.7
-0.15326 -7.9
-0.15302 -7.0
-0.15277 -6.1
-0.15253 -5.1
-0.15228 -4.2
-0.15204 -3.1
-0.15179 -2.1
-0.15155 -1.0
-0.15131 0.0
-0.15106 1.1
-0.15082 2.1
-0.15057 3.2
-0.15033 4.2
-0.15009 5.2
-0.14984 6.2
-0.1496 7.1
-0.14935 8.0
-0.14911 8.9
-0.14886 9.7
-0.14862 10.4
-0.14838 11.1
-0.14813 11.7
-0.14789 12.2
-0.14764 12.7
-0.1474 13.0
-0.14716 13.3
-0.14691 13.6
-0.14667 13.7
-0.14642 13.8
-0.14618 13.7
-0.14594 13.6
-0.14569 13.4
-0.14545 13.1
-0.1452 12.8
-0.14496 12.3
-0.14471 11.8
-0.14447 11.2
-0.14423 10.5
-0.14398 9.8
-0.14374 9.0
-0.14349 8.2
-0.14325 7.3
-0.14301 6.3
-0.14276 5.3
-0.14252 4.3
-0.14227 3.2
-0.14203 2.2
-0.14178 1.1
-0.14154 0.0
-0.1413 -1.1
-0.14105 -2.2
-0.14081 -3.3
-0.14056 -4.4
-0.14032 -5.4
-0.14008 -6.4
-0.13983 -7.4
-0.13959 -8.3
-0.13934 -9.2
-0.1391 -10.0
-0.13885 -10.7
-0.13861 -11.4
-0.13837 -12.0
-0.13812 -12.6
-0.13788 -13.0
-0.13763 -13.4
-0.13739 -13.7
-0.13715 -13.9
-0.1369 -14.0
-0.13666 -14.0
-0.13641 -13.9
-0.13617 -13.7
-0.13593 -13.5
-0.13568 -13.1
-0.13544 -12.7
-0.13519 -12.2
-0.13495 -11.6
-0.1347 -10.9
-0.13446 -10.2
-0.13422 -9.4
-0.13397 -8.5
-0.13373 -7.6
-0.13348 -6.6
-0.13324 -5.6
-0.133 -4.5
-0.13275 -3.4
-0.13251 -2.3
-0.13226 -1.2
-0.13202 0.0
-0.13177 1.1
-0.13153 2.2
-0.13129 3.4
-0.13104 4.5
-0.1308 5.6
-0.13055 6.6
-0.13031 7.6
-0.13007 8.6
-0.12982 9.4
-0.12958 10.3
-0.12933 11.0
-0.12909 11.7
-0.12885 12.3
-0.1286 12.9
-0.12836 13.3
-0.12811 13.7
-0.12787 13.9
-0.12762 14.1
-0.12738 14.2
-0.12714 14.2
-0.12689 14.1
-0.12665 13.8
-0.1264 13.5
-0.12616 13.1
-0.12592 12.6
-0.12567 12.1
-0.12543 11.4
-0.12518 10.7
-0.12494 9.9
-0.12469 9.0
-0.12445 8.0
-0.12421 7.0
-0.12396 6.0
-0.12372 4.9
-0.12347 3.7
-0.12323 2.6
-0.12299 1.4
-0.12274 0.2
-0.1225 -1.0
-0.12225 -2.2
-0.12201 -3.3
-0.12177 -4.5
-0.12152 -5.6
-0.12128 -6.7
-0.12103 -7.7
-0.12079 -8.7
-0.12054 -9.7
-0.1203 -10.5
-0.12006 -11.3
-0.11981 -12.0
-0.11957 -12.7
-0.11932 -13.2
-0.11908 -13.6
-0.11884 -14.0
-0.11859 -14.2
-0.11835 -14.4
-0.1181 -14.4
-0.11786 -14.4
-0.11761 -14.2
-0.11737 -14.0
-0.11713 -13.6
-0.11688 -13.1
-0.11664 -12.6
-0.11639 -11.9
-0.11615 -11.2
-0.11591 -10.4
-0.11566 -9.5
-0.11542 -8.5
-0.11517 -7.5
-0.11493 -6.4
-0.11469 -5.3
-0.11444 -4.1
-0.1142 -2.9
-0.11395 -1.7
-0.11371 -0.5
-0.11346 0.8
-0.11322 2.0
-0.11298 3.2
-0.11273 4.5
-0.11249 5.6
-0.11224 6.8
-0.112 7.9
-0.11176 8.9
-0.11151 9.9
-0.11127 10.8
-0.11102 11.6
-0.11078 12.3
-0.11053 13.0
-0.11029 13.5
-0.11005 14.0
-0.1098 14.3
-0.10956 14.5
-0.10931 14.7
-0.10907 14.7
-0.10883 14.6
-0.10858 14.4
-0.10834 14.1
-0.10809 13.7
-0.10785 13.2
-0.1076 12.5
-0.10736 11.8
-0.10712 11.0
-0.10687 10.1
-0.10663 9.1
-0.10638 8.1
-0.10614 7.0
-0.1059 5.8
-0.10565 4.6
-0.10541 3.4
-0.10516 2.1
-0.10492 0.8
-0.10468 -0.5
-0.10443 -1.8
-0.10419 -3.1
-0.10394 -4.4
-0.1037 -5.6
-0.10345 -6.8
-0.10321 -7.9
-0.10297 -9.0
-0.10272 -10.0
-0.10248 -11.0
-0.10223 -11.8
-0.10199 -12.6
-0.10175 -13.3
-0.1015 -13.8
-0.10126 -14.3
-0.10101 -14.6
-0.10077 -14.8
-0.10052 -15.0
-0.10028 -14.9
-0.10004 -14.8
-0.09979 -14.6
-0.09955 -14.2
-0.0993 -13.7
-0.09906 -13.1
-0.09882 -12.4
-0.09857 -11.6
-0.09833 -10.8
-0.09808 -9.8
-0.09784 -8.7
-0.0976 -7.6
-0.09735 -6.4
-0.09711 -5.1
-0.09686 -3.8
-0.09662 -2.5
-0.09637 -1.2
-0.09613 0.2
-0.09589 1.6
-0.09564 2.9
-0.0954 4.3
-0.09515 5.6
-0.09491 6.8
-0.09467 8.0
-0.09442 9.2
-0.09418 10.2
-0.09393 11.2
-0.09369 12.1
-0.09344 12.9
-0.0932 13.6
-0.09296 14.2
-0.09271 14.6
-0.09247 15.0
-0.09222 15.2
-0.09198 15.3
-0.09174 15.2
-0.09149 15.0
-0.09125 14.7
-0.091 14.3
-0.09076 13.8
-0.09052 13.1
-0.09027 12.3
-0.09003 11.4
-0.08978 10.4
-0.08954 9.4
-0.08929 8.2
-0.08905 7.0
-0.08881 5.7
-0.08856 4.3
-0.08832 2.9
-0.08807 1.5
-0.08783 0.0
-0.08759 -1.4
-0.08734 -2.8
-0.0871 -4.2
-0.08685 -5.6
-0.08661 -6.9
-0.08636 -8.2
-0.08612 -9.4
-0.08588 -10.5
-0.08563 -11.5
-0.08539 -12.5
-0.08514 -13.3
-0.0849 -14.0
-0.08466 -14.6
-0.08441 -15.0
-0.08417 -15.4
-0.08392 -15.5
-0.08368 -15.6
-0.08344 -15.5
-0.08319 -15.3
-0.08295 -14.9
-0.0827 -14.4
-0.08246 -13.7
-0.08221 -13.0
-0.08197 -12.1
-0.08173 -11.1
-0.08148 -10.0
-0.08124 -8.8
-0.08099 -7.5
-0.08075 -6.2
-0.08051 -4.8
-0.08026 -3.3
-0.08002 -1.8
-0.07977 -0.3
-0.07953 1.2
-0.07928 2.7
-0.07904 4.2
-0.0788 5.7
-0.07855 7.1
-0.07831 8.4
-0.07806 9.7
-0.07782 10.9
-0.07758 11.9
-0.07733 12.9
-0.07709 13.7
-0.07684 14.5
-0.0766 15.0
-0.07635 15.5
-0.07611 15.8
-0.07587 15.9
-0.07562 15.9
-0.07538 15.8
-0.07513 15.4
-0.07489 15.0
-0.07465 14.4
-0.0744 13.6
-0.07416 12.7
-0.07391 11.7
-0.07367 10.6
-0.07343 9.4
-0.07318 8.0
-0.07294 6.6
-0.07269 5.1
-0.07245 3.6
-0.0722 2.0
-0.07196 0.4
-0.07172 -1.2
-0.07147 -2.8
-0.07123 -4.4
-0.07098 -5.9
-0.07074 -7.4
-0.0705 -8.8
-0.07025 -10.1
-0.07001 -11.4
-0.06976 -12.5
-0.06952 -13.5
-0.06927 -14.3
-0.06903 -15.0
-0.06879 -15.6
-0.06854 -16.0
-0.0683 -16.2
-0.06805 -16.3
-0.06781 -16.2
-0.06757 -16.0
-0.06732 -15.5
-0.06708 -14.9
-0.06683 -14.2
-0.06659 -13.3
-0.06635 -12.3
-0.0661 -11.1
-0.06586 -9.8
-0.06561 -8.4
-0.06537 -6.9
-0.06512 -5.3
-0.06488 -3.7
-0.06464 -2.0
-0.06439 -0.3
-0.06415 1.4
-0.0639 3.1
-0.06366 4.8
-0.06342 6.4
-0.06317 8.0
-0.06293 9.4
-0.06268 10.8
-0.06244 12.1
-0.06219 13.2
-0.06195 14.2
-0.06171 15.1
-0.06146 15.8
-0.06122 16.3
-0.06097 16.6
-0.06073 16.7
-0.06049 16.7
-0.06024 16.5
-0.06 16.1
-0.05975 15.5
-0.05951 14.7
-0.05927 13.8
-0.05902 12.7
-0.05878 11.4
-0.05853 10.0
-0.05829 8.5
-0.05804 6.9
-0.0578 5.3
-0.05756 3.5
-0.05731 1.7
-0.05707 -0.1
-0.05682 -1.9
-0.05658 -3.8
-0.05634 -5.5
-0.05609 -7.3
-0.05585 -8.9
-0.0556 -10.4
-0.05536 -11.8
-0.05511 -13.1
-0.05487 -14.3
-0.05463 -15.2
-0.05438 -16.0
-0.05414 -16.6
-0.05389 -17.0
-0.05365 -17.2
-0.05341 -17.2
-0.05316 -17.0
-0.05292 -16.5
-0.05267 -15.9
-0.05243 -15.1
-0.05219 -14.1
-0.05194 -12.9
-0.0517 -11.5
-0.05145 -10.0
-0.05121 -8.4
-0.05096 -6.6
-0.05072 -4.8
-0.05048 -2.9
-0.05023 -0.9
-0.04999 1.1
-0.04974 3.0
-0.0495 5.0
-0.04926 6.8
-0.04901 8.6
-0.04877 10.3
-0.04852 11.9
-0.04828 13.3
-0.04803 14.6
-0.04779 15.6
-0.04755 16.5
-0.0473 17.1
-0.04706 17.6
-0.04681 17.8
-0.04657 17.7
-0.04633 17.4
-0.04608 16.9
-0.04584 16.2
-0.04559 15.2
-0.04535 14.1
-0.0451 12.7
-0.04486 11.1
-0.04462 9.4
-0.04437 7.6
-0.04413 5.6
-0.04388 3.6
-0.04364 1.5
-0.0434 -0.6
-0.04315 -2.8
-0.04291 -4.9
-0.04266 -6.9
-0.04242 -8.9
-0.04218 -10.7
-0.04193 -12.4
-0.04169 -13.9
-0.04144 -15.3
-0.0412 -16.4
-0.04095 -17.3
-0.04071 -17.9
-0.04047 -18.3
-0.04022 -18.4
-0.03998 -18.2
-0.03973 -17.8
-0.03949 -17.1
-0.03925 -16.2
-0.039 -14.9
-0.03876 -13.5
-0.03851 -11.9
-0.03827 -10.0
-0.03802 -8.0
-0.03778 -5.9
-0.03754 -3.7
-0.03729 -1.4
-0.03705 0.9
-0.0368 3.3
-0.03656 5.6
-0.03632 7.8
-0.03607 9.9
-0.03583 11.8
-0.03558 13.6
-0.03534 15.2
-0.0351 16.5
-0.03485 17.6
-0.03461 18.4
-0.03436 18.9
-0.03412 19.1
-0.03387 19.0
-0.03363 18.5
-0.03339 17.8
-0.03314 16.7
-0.0329 15.4
-0.03265 13.8
-0.03241 11.9
-0.03217 9.9
-0.03192 7.6
-0.03168 5.2
-0.03143 2.7
-0.03119 0.1
-0.03094 -2.4
-0.0307 -5.0
-0.03046 -7.5
-0.03021 -9.9
-0.02997 -12.1
-0.02972 -14.1
-0.02948 -15.8
-0.02924 -17.3
-0.02899 -18.5
-0.02875 -19.3
-0.0285 -19.8
-0.02826 -19.9
-0.02802 -19.7
-0.02777 -19.1
-0.02753 -18.1
-0.02728 -16.7
-0.02704 -15.0
-0.02679 -13.0
-0.02655 -10.8
-0.02631 -8.3
-0.02606 -5.6
-0.02582 -2.8
-0.02557 0.0
-0.02533 2.9
-0.02509 5.8
-0.02484 8.6
-0.0246 11.2
-0.02435 13.6
-0.02411 15.7
-0.02386 17.6
-0.02362 19.0
-0.02338 20.1
-0.02313 20.8
-0.02289 21.0
-0.02264 20.7
-0.0224 20.0
-0.02216 18.9
-0.02191 17.3
-0.02167 15.3
-0.02142 12.9
-0.02118 10.3
-0.02094 7.3
-0.02069 4.2
-0.02045 0.9
-0.0202 -2.4
-0.01996 -5.7
-0.01971 -8.9
-0.01947 -11.9
-0.01923 -14.6
-0.01898 -17.0
-0.01874 -19.1
-0.01849 -20.6
-0.01825 -21.7
-0.01801 -22.2
-0.01776 -22.1
-0.01752 -21.5
-0.01727 -20.3
-0.01703 -18.5
-0.01678 -16.2
-0.01654 -13.4
-0.0163 -10.3
-0.01605 -6.8
-0.01581 -3.1
-0.01556 0.8
-0.01532 4.7
-0.01508 8.5
-0.01483 12.1
-0.01459 15.4
-0.01434 18.3
-0.0141 20.6
-0.01385 22.4
-0.01361 23.5
-0.01337 23.8
-0.01312 23.4
-0.01288 22.2
-0.01263 20.3
-0.01239 17.7
-0.01215 14.4
-0.0119 10.5
-0.01166 6.3
-0.01141 1.7
-0.01117 -3.0
-0.01093 -7.7
-0.01068 -12.2
-0.01044 -16.3
-0.01019 -19.9
-0.00995 -22.8
-0.0097 -24.8
-0.00946 -25.8
-0.00922 -25.8
-0.00897 -24.7
-0.00873 -22.5
-0.00848 -19.3
-0.00824 -15.1
-0.008 -10.1
-0.00775 -4.6
-0.00751 1.4
-0.00726 7.4
-0.00702 13.2
-0.00677 18.5
-0.00653 23.0
-0.00629 26.3
-0.00604 28.3
-0.0058 28.7
-0.00555 27.5
-0.00531 24.5
-0.00507 19.9
-0.00482 13.8
-0.00458 6.6
-0.00433 -1.4
-0.00409 -9.6
-0.00385 -17.4
-0.0036 -24.2
-0.00336 -29.3
-0.00311 -32.2
-0.00287 -32.3
-0.00262 -29.5
-0.00238 -23.6
-0.00214 -14.9
-0.00189 -4.1
-0.00165 7.8
-0.0014 19.5
-0.00116 29.4
-0.00092 35.7
-0.00067 36.9
-0.00043 31.9
-0.00018 20.5
6e-05 4.1
0.00031 -13.9
0.00055 -29.0
0.00079 -36.2
0.00104 -32.7
0.00128 -19.2
0.00153 -0.1
0.00177 17.3
0.00201 26.7
0.00226 25.2
0.0025 14.3
0.00275 -0.4
0.00299 -12.5
0.00323 -17.4
0.00348 -14.3
0.00372 -5.9
0.00397 3.3
0.00421 9.3
0.00446 10.1
0.0047 6.3
0.00494 0.6
0.00519 -4.1
0.00543 -6.1
0.00568 -5.0
0.00592 -1.8
0.00616 1.4
0.00641 3.4
0.00665 3.4
0.0069 1.9
0.00714 -0.1
0.00739 -1.7
0.00763 -2.2
0.00787 -1.6
0.00812 -0.4
0.00836 0.7
0.00861 1.3
0.00885 1.1
0.00909 0.5
0.00934 -0.2
0.00958 -0.7
0.00983 -0.8
0.01007 -0.5
0.01031 0.0
0.01056 0.3
0.0108 0.5
0.01105 0.4
0.01129 0.1
0.01154 -0.1
0.01178 -0.3
0.01202 -0.3
0.01227 -0.1
0.01251 0.0
0.01276 0.1
0.013 0.2
0.01324 0.1
0.01349 0.0
0.01373 0.0
0.01398 -0.1
0.01422 0.0
0.01447 0.0
0.01471 0.0
0.01495 0.0
0.0152 0.0
0.01544 0.0
0.01569 0.0
0.01593 0.0
0.01617 0.0
0.01642 0.0
0.01666 0.0
0.01691 0.0
0.01715 0.0
0.0174 0.0
0.01764 0.0
0.01788 0.0
0.01813 0.0
0.01837 0.0
0.01862 0.0
0.01886 0.0
0.0191 0.0
0.01935 0.0
0.01959 0.0
0.01984 0.0
0.02008 0.0
0.02032 0.0
0.02057 0.0
0.02081 0.0
0.02106 0.0
0.0213 0.0
0.02155 0.0
0.02179 0.0
0.02203 0.0
0.02228 0.0
0.02252 0.0
0.02277 0.0
0.02301 0.0
0.02325 0.0
0.0235 0.0
0.02374 0.0
0.02399 0.0
0.02423 0.0
0.02448 0.0
0.02472 0.0
0.02496 0.0
0.02521 0.0
0.02545 0.0
0.0257 0.0
0.02594 0.0
0.02618 0.0
0.02643 0.0
0.02667 0.0
0.02692 0.0
0.02716 0.0
0.0274 0.0
0.02765 0.0
0.02789 0.0
0.02814 0.0
0.02838 0.0
0.02863 0.0
0.02887 0.0
0.02911 0.0
0.02936 0.0
0.0296 0.0
0.02985 0.0
0.03009 0.0
0.03033 0.0
0.03058 0.0
0.03082 0.0
0.03107 0.0
0.03131 0.0
0.03156 0.0
0.0318 0.0
0.03204 0.0
0.03229 0.0
0.03253 0.0
0.03278 0.0
0.03302 0.0
0.03326 0.0
0.03351 0.0
0.03375 0.0
0.034 0.0
0.03424 0.0
0.03448 0.0
0.03473 0.0
0.03497 0.0
0.03522 0.0
0.03546 0.0
0.03571 0.0
0.03595 0.0
0.03619 0.0
0.03644 0.0
0.03668 0.0
0.03693 0.0
0.03717 0.0
0.03741 0.0
0.03766 0.0
0.0379 0.0
0.03815 0.0
0.03839 0.0
0.03864 0.0
0.03888 0.0
0.03912 0.0
0.03937 0.0
0.03961 0.0
0.03986 0.0
0.0401 0.0
0.04034 0.0
0.04059 0.0
0.04083 0.0
0.04108 0.0
0.04132 0.0
0.04156 0.0
0.04181 0.0
0.04205 0.0
0.0423 0.0
0.04254 0.0
0.04279 0.0
0.04303 0.0
0.04327 0.0
0.04352 0.0
0.04376 0.0
0.04401 0.0
0.04425 0.0
0.04449 0.0
0.04474 0.0
0.04498 0.0
0.04523 0.0
0.04547 0.0
0.04572 0.0
0.04596 0.0
0.0462 0.0
0.04645 0.0
0.04669 0.0
0.04694 0.0
0.04718 0.0
0.04742 0.0
0.04767 0.0
0.04791 0.0
0.04816 0.0
0.0484 0.0
0.04865 0.0
0.04889 0.0
0.04913 0.0
0.04938 0.0
0.04962 0.0
0.04987 0.0
0.05011 0.0
0.05035 0.0
0.0506 0.0
0.05084 0.0
0.05109 0.0
0.05133 0.0
0.05157 0.0
0.05182 0.0
0.05206 0.0
0.05231 0.0
0.05255 0.0
0.0528 0.0
0.05304 0.0
0.05328 0.0
0.05353 0.0
0.05377 0.0
0.05402 0.0
0.05426 0.0
0.0545 0.0
0.05475 0.0
0.05499 0.0
0.05524 0.0
0.05548 0.0
0.05573 0.0
0.05597 0.0
0.05621 0.0
0.05646 0.0
0.0567 0.0
0.05695 0.0
0.05719 0.0
0.05743 0.0
0.05768 0.0
0.05792 0.0
0.05817 0.0
0.05841 0.0
0.05865 0.0
0.0589 0.0
0.05914 0.0
0.05939 0.0
0.05963 0.0
0.05988 0.0
0.06012 0.0
0.06036 0.0
0.06061 0.0
0.06085 0.0
0.0611 0.0
0.06134 0.0
0.06158 0.0
0.06183 0.0
0.06207 0.0
0.06232 0.0
0.06256 0.0
0.06281 0.0
0.06305 0.0
0.06329 0.0
0.06354 0.0
0.06378 0.0
0.06403 0.0
0.06427 0.0
0.06451 0.0
0.06476 0.0
0.065 0.0
0.06525 0.0
0.06549 0.0
0.06573 0.0
0.06598 0.0
0.06622 0.0
0.06647 0.0
0.06671 0.0
0.06696 0.0
0.0672 0.0
0.06744 0.0
0.06769 0.0
0.06793 0.0
0.06818 0.0
0.06842 0.0
0.06866 0.0
0.06891 0.0
0.06915 0.0
0.0694 0.0
0.06964 0.0
0.06989 0.0
0.07013 0.0
0.07037 0.0
0.07062 0.0
0.07086 0.0
0.07111 0.0
0.07135 0.0
0.07159 0.0
0.07184 0.0
0.07208 0.0
0.07233 0.0
0.07257 0.0
0.07281 0.0
0.07306 0.0
0.0733 0.0
0.07355 0.0
0.07379 0.0
0.07404 0.0
0.07428 0.0
0.07452 0.0
0.07477 0.0
0.07501 0.0
0.07526 0.0
0.0755 0.0
0.07574 0.0
0.07599 0.0
0.07623 0.0
0.07648 0.0
0.07672 0.0
0.07697 0.0
0.07721 0.0
0.07745 0.0
0.0777 0.0
0.07794 0.0
0.07819 0.0
0.07843 0.0
0.07867 0.0
0.07892 0.0
0.07916 0.0
0.07941 0.0
0.07965 0.0
0.0799 0.0
0.08014 0.0
0.08038 0.0
0.08063 0.0
0.08087 0.0
0.08112 0.0
0.08136 0.0
0.0816 0.0
0.08185 0.0
0.08209 0.0
0.08234 0.0
0.08258 0.0
0.08282 0.0
0.08307 0.0
0.08331 0.0
0.08356 0.0
0.0838 0.0
0.08405 0.0
0.08429 0.0
0.08453 0.0
