t strain*1e23
-0.74569 15.0
-0.74544 14.7
-0.7452 14.5
-0.74495 14.2
-0.74471 14.0
-0.74446 13.7
-0.74422 13.4
-0.74398 13.0
-0.74373 12.7
-0.74349 12.3
-0.74324 11.9
-0.743 11.5
-0.74276 11.1
-0.74251 10.7
-0.74227 10.3
-0.74202 9.8
-0.74178 9.3
-0.74154 8.9
-0.74129 8.4
-0.74105 7.9
-0.7408 7.4
-0.74056 6.8
-0.74031 6.3
-0.74007 5.8
-0.73983 5.2
-0.73958 4.7
-0.73934 4.1
-0.73909 3.5
-0.73885 3.0
-0.73861 2.4
-0.73836 1.8
-0.73812 1.2
-0.73787 0.6
-0.73763 0.0
-0.73738 -0.5
-0.73714 -1.1
-0.7369 -1.7
-0.73665 -2.3
-0.73641 -2.9
-0.73616 -3.4
-0.73592 -4.0
-0.73568 -4.6
-0.73543 -5.1
-0.73519 -5.7
-0.73494 -6.2
-0.7347 -6.8
-0.73446 -7.3
-0.73421 -7.8
-0.73397 -8.3
-0.73372 -8.8
-0.73348 -9.3
-0.73323 -9.8
-0.73299 -10.2
-0.73275 -10.7
-0.7325 -11.1
-0.73226 -11.5
-0.73201 -11.9
-0.73177 -12.3
-0.73153 -12.7
-0.73128 -13.0
-0.73104 -13.4
-0.73079 -13.7
-0.73055 -14.0
-0.7303 -14.3
-0.73006 -14.6
-0.72982 -14.8
-0.72957 -15.0
-0.72933 -15.2
-0.72908 -15.4
-0.72884 -15.6
-0.7286 -15.7
-0.72835 -15.9
-0.72811 -16.0
-0.72786 -16.0
-0.72762 -16.1
-0.72738 -16.1
-0.72713 -16.2
-0.72689 -16.2
-0.72664 -16.1
-0.7264 -16.1
-0.72615 -16.0
-0.72591 -15.9
-0.72567 -15.8
-0.72542 -15.7
-0.72518 -15.5
-0.72493 -15.4
-0.72469 -15.2
-0.72445 -14.9
-0.7242 -14.7
-0.72396 -14.5
-0.72371 -14.2
-0.72347 -13.9
-0.72322 -13.6
-0.72298 -13.3
-0.72274 -12.9
-0.72249 -12.5
-0.72225 -12.2
-0.722 -11.8
-0.72176 -11.4
-0.72152 -10.9
-0.72127 -10.5
-0.72103 -10.0
-0.72078 -9.6
-0.72054 -9.1
-0.72029 -8.6
-0.72005 -8.1
-0.71981 -7.5
-0.71956 -7.0
-0.71932 -6.5
-0.71907 -5.9
-0.71883 -5.4
-0.71859 -4.8
-0.71834 -4.2
-0.7181 -3.7
-0.71785 -3.1
-0.71761 -2.5
-0.71737 -1.9
-0.71712 -1.3
-0.71688 -0.7
-0.71663 -0.1
-0.71639 0.4
-0.71614 1.0
-0.7159 1.6
-0.71566 2.2
-0.71541 2.8
-0.71517 3.4
-0.71492 4.0
-0.71468 4.6
-0.71444 5.1
-0.71419 5.7
-0.71395 6.2
-0.7137 6.8
-0.71346 7.3
-0.71321 7.8
-0.71297 8.4
-0.71273 8.9
-0.71248 9.4
-0.71224 9.8
-0.71199 10.3
-0.71175 10.8
-0.71151 11.2
-0.71126 11.6
-0.71102 12.0
-0.71077 12.4
-0.71053 12.8
-0.71029 13.2
-0.71004 13.5
-0.7098 13.8
-0.70955 14.1
-0.70931 14.4
-0.70906 14.7
-0.70882 14.9
-0.70858 15.2
-0.70833 15.4
-0.70809 15.6
-0.70784 15.7
-0.7076 15.9
-0.70736 16.0
-0.70711 16.1
-0.70687 16.2
-0.70662 16.2
-0.70638 16.3
-0.70613 16.3
-0.70589 16.3
-0.70565 16.2
-0.7054 16.2
-0.70516 16.1
-0.70491 16.0
-0.70467 15.9
-0.70443 15.7
-0.70418 15.6
-0.70394 15.4
-0.70369 15.2
-0.70345 15.0
-0.70321 14.7
-0.70296 14.4
-0.70272 14.2
-0.70247 13.9
-0.70223 13.5
-0.70198 13.2
-0.70174 12.8
-0.7015 12.5
-0.70125 12.1
-0.70101 11.6
-0.70076 11.2
-0.70052 10.8
-0.70028 10.3
-0.70003 9.8
-0.69979 9.4
-0.69954 8.9
-0.6993 8.3
-0.69905 7.8
-0.69881 7.3
-0.69857 6.7
-0.69832 6.2
-0.69808 5.6
-0.69783 5.1
-0.69759 4.5
-0.69735 3.9
-0.6971 3.3
-0.69686 2.7
-0.69661 2.1
-0.69637 1.5
-0.69613 0.9
-0.69588 0.3
-0.69564 -0.3
-0.69539 -0.9
-0.69515 -1.5
-0.6949 -2.1
-0.69466 -2.7
-0.69442 -3.3
-0.69417 -3.9
-0.69393 -4.5
-0.69368 -5.0
-0.69344 -5.6
-0.6932 -6.2
-0.69295 -6.7
-0.69271 -7.3
-0.69246 -7.8
-0.69222 -8.3
-0.69197 -8.9
-0.69173 -9.4
-0.69149 -9.9
-0.69124 -10.3
-0.691 -10.8
-0.69075 -11.2
-0.69051 -11.7
-0.69027 -12.1
-0.69002 -12.5
-0.68978 -12.9
-0.68953 -13.3
-0.68929 -13.6
-0.68904 -13.9
-0.6888 -14.2
-0.68856 -14.5
-0.68831 -14.8
-0.68807 -15.0
-0.68782 -15.3
-0.68758 -15.5
-0.68734 -15.7
-0.68709 -15.8
-0.68685 -16.0
-0.6866 -16.1
-0.68636 -16.2
-0.68612 -16.3
-0.68587 -16.3
-0.68563 -16.4
-0.68538 -16.4
-0.68514 -16.4
-0.68489 -16.3
-0.68465 -16.3
-0.68441 -16.2
-0.68416 -16.1
-0.68392 -16.0
-0.68367 -15.8
-0.68343 -15.6
-0.68319 -15.4
-0.68294 -15.2
-0.6827 -15.0
-0.68245 -14.7
-0.68221 -14.5
-0.68196 -14.2
-0.68172 -13.9
-0.68148 -13.5
-0.68123 -13.2
-0.68099 -12.8
-0.68074 -12.4
-0.6805 -12.0
-0.68026 -11.6
-0.68001 -11.1
-0.67977 -10.7
-0.67952 -10.2
-0.67928 -9.7
-0.67904 -9.2
-0.67879 -8.7
-0.67855 -8.2
-0.6783 -7.6
-0.67806 -7.1
-0.67781 -6.5
-0.67757 -6.0
-0.67733 -5.4
-0.67708 -4.8
-0.67684 -4.2
-0.67659 -3.6
-0.67635 -3.0
-0.67611 -2.4
-0.67586 -1.8
-0.67562 -1.2
-0.67537 -0.6
-0.67513 0.0
-0.67488 0.7
-0.67464 1.3
-0.6744 1.9
-0.67415 2.5
-0.67391 3.1
-0.67366 3.7
-0.67342 4.3
-0.67318 4.9
-0.67293 5.5
-0.67269 6.0
-0.67244 6.6
-0.6722 7.2
-0.67196 7.7
-0.67171 8.3
-0.67147 8.8
-0.67122 9.3
-0.67098 9.8
-0.67073 10.3
-0.67049 10.8
-0.67025 11.2
-0.67 11.7
-0.66976 12.1
-0.66951 12.5
-0.66927 12.9
-0.66903 13.3
-0.66878 13.6
-0.66854 14.0
-0.66829 14.3
-0.66805 14.6
-0.6678 14.9
-0.66756 15.1
-0.66732 15.4
-0.66707 15.6
-0.66683 15.8
-0.66658 15.9
-0.66634 16.1
-0.6661 16.2
-0.66585 16.3
-0.66561 16.4
-0.66536 16.4
-0.66512 16.5
-0.66488 16.5
-0.66463 16.5
-0.66439 16.4
-0.66414 16.4
-0.6639 16.3
-0.66365 16.2
-0.66341 16.1
-0.66317 15.9
-0.66292 15.7
-0.66268 15.5
-0.66243 15.3
-0.66219 15.1
-0.66195 14.8
-0.6617 14.5
-0.66146 14.2
-0.66121 13.9
-0.66097 13.5
-0.66072 13.2
-0.66048 12.8
-0.66024 12.4
-0.65999 12.0
-0.65975 11.5
-0.6595 11.1
-0.65926 10.6
-0.65902 10.1
-0.65877 9.6
-0.65853 9.1
-0.65828 8.6
-0.65804 8.1
-0.65779 7.5
-0.65755 6.9
-0.65731 6.4
-0.65706 5.8
-0.65682 5.2
-0.65657 4.6
-0.65633 4.0
-0.65609 3.4
-0.65584 2.8
-0.6556 2.2
-0.65535 1.5
-0.65511 0.9
-0.65487 0.3
-0.65462 -0.3
-0.65438 -1.0
-0.65413 -1.6
-0.65389 -2.2
-0.65364 -2.8
-0.6534 -3.4
-0.65316 -4.1
-0.65291 -4.7
-0.65267 -5.3
-0.65242 -5.8
-0.65218 -6.4
-0.65194 -7.0
-0.65169 -7.6
-0.65145 -8.1
-0.6512 -8.7
-0.65096 -9.2
-0.65071 -9.7
-0.65047 -10.2
-0.65023 -10.7
-0.64998 -11.2
-0.64974 -11.6
-0.64949 -12.1
-0.64925 -12.5
-0.64901 -12.9
-0.64876 -13.3
-0.64852 -13.7
-0.64827 -14.0
-0.64803 -14.3
-0.64779 -14.6
-0.64754 -14.9
-0.6473 -15.2
-0.64705 -15.4
-0.64681 -15.7
-0.64656 -15.9
-0.64632 -16.0
-0.64608 -16.2
-0.64583 -16.3
-0.64559 -16.4
-0.64534 -16.5
-0.6451 -16.6
-0.64486 -16.6
-0.64461 -16.6
-0.64437 -16.6
-0.64412 -16.6
-0.64388 -16.5
-0.64363 -16.4
-0.64339 -16.3
-0.64315 -16.2
-0.6429 -16.0
-0.64266 -15.8
-0.64241 -15.6
-0.64217 -15.4
-0.64193 -15.2
-0.64168 -14.9
-0.64144 -14.6
-0.64119 -14.3
-0.64095 -14.0
-0.64071 -13.6
-0.64046 -13.2
-0.64022 -12.8
-0.63997 -12.4
-0.63973 -12.0
-0.63948 -11.5
-0.63924 -11.1
-0.639 -10.6
-0.63875 -10.1
-0.63851 -9.6
-0.63826 -9.1
-0.63802 -8.5
-0.63778 -8.0
-0.63753 -7.4
-0.63729 -6.8
-0.63704 -6.3
-0.6368 -5.7
-0.63655 -5.1
-0.63631 -4.5
-0.63607 -3.8
-0.63582 -3.2
-0.63558 -2.6
-0.63533 -2.0
-0.63509 -1.3
-0.63485 -0.7
-0.6346 0.0
-0.63436 0.6
-0.63411 1.2
-0.63387 1.8
-0.63363 2.5
-0.63338 3.1
-0.63314 3.7
-0.63289 4.3
-0.63265 5.0
-0.6324 5.6
-0.63216 6.2
-0.63192 6.8
-0.63167 7.3
-0.63143 7.9
-0.63118 8.5
-0.63094 9.0
-0.6307 9.5
-0.63045 10.1
-0.63021 10.6
-0.62996 11.0
-0.62972 11.5
-0.62947 12.0
-0.62923 12.4
-0.62899 12.8
-0.62874 13.2
-0.6285 13.6
-0.62825 14.0
-0.62801 14.3
-0.62777 14.6
-0.62752 14.9
-0.62728 15.2
-0.62703 15.5
-0.62679 15.7
-0.62654 15.9
-0.6263 16.1
-0.62606 16.3
-0.62581 16.4
-0.62557 16.5
-0.62532 16.6
-0.62508 16.7
-0.62484 16.7
-0.62459 16.7
-0.62435 16.7
-0.6241 16.7
-0.62386 16.6
-0.62362 16.5
-0.62337 16.4
-0.62313 16.3
-0.62288 16.1
-0.62264 16.0
-0.62239 15.8
-0.62215 15.5
-0.62191 15.3
-0.62166 15.0
-0.62142 14.7
-0.62117 14.4
-0.62093 14.1
-0.62069 13.7
-0.62044 13.3
-0.6202 12.9
-0.61995 12.5
-0.61971 12.1
-0.61946 11.6
-0.61922 11.1
-0.61898 10.6
-0.61873 10.1
-0.61849 9.6
-0.61824 9.1
-0.618 8.5
-0.61776 8.0
-0.61751 7.4
-0.61727 6.8
-0.61702 6.2
-0.61678 5.6
-0.61654 5.0
-0.61629 4.4
-0.61605 3.8
-0.6158 3.1
-0.61556 2.5
-0.61531 1.8
-0.61507 1.2
-0.61483 0.5
-0.61458 -0.1
-0.61434 -0.8
-0.61409 -1.4
-0.61385 -2.0
-0.61361 -2.7
-0.61336 -3.3
-0.61312 -4.0
-0.61287 -4.6
-0.61263 -5.2
-0.61238 -5.8
-0.61214 -6.4
-0.6119 -7.0
-0.61165 -7.6
-0.61141 -8.2
-0.61116 -8.8
-0.61092 -9.3
-0.61068 -9.8
-0.61043 -10.4
-0.61019 -10.9
-0.60994 -11.4
-0.6097 -11.8
-0.60946 -12.3
-0.60921 -12.7
-0.60897 -13.1
-0.60872 -13.5
-0.60848 -13.9
-0.60823 -14.3
-0.60799 -14.6
-0.60775 -14.9
-0.6075 -15.2
-0.60726 -15.5
-0.60701 -15.7
-0.60677 -16.0
-0.60653 -16.2
-0.60628 -16.3
-0.60604 -16.5
-0.60579 -16.6
-0.60555 -16.7
-0.6053 -16.8
-0.60506 -16.8
-0.60482 -16.8
-0.60457 -16.8
-0.60433 -16.8
-0.60408 -16.8
-0.60384 -16.7
-0.6036 -16.6
-0.60335 -16.5
-0.60311 -16.3
-0.60286 -16.1
-0.60262 -15.9
-0.60238 -15.7
-0.60213 -15.4
-0.60189 -15.2
-0.60164 -14.9
-0.6014 -14.5
-0.60115 -14.2
-0.60091 -13.8
-0.60067 -13.5
-0.60042 -13.1
-0.60018 -12.6
-0.59993 -12.2
-0.59969 -11.7
-0.59945 -11.2
-0.5992 -10.7
-0.59896 -10.2
-0.59871 -9.7
-0.59847 -9.1
-0.59822 -8.6
-0.59798 -8.0
-0.59774 -7.4
-0.59749 -6.8
-0.59725 -6.2
-0.597 -5.6
-0.59676 -5.0
-0.59652 -4.4
-0.59627 -3.7
-0.59603 -3.1
-0.59578 -2.4
-0.59554 -1.8
-0.59529 -1.1
-0.59505 -0.4
-0.59481 0.2
-0.59456 0.9
-0.59432 1.5
-0.59407 2.2
-0.59383 2.9
-0.59359 3.5
-0.59334 4.1
-0.5931 4.8
-0.59285 5.4
-0.59261 6.0
-0.59237 6.7
-0.59212 7.3
-0.59188 7.9
-0.59163 8.4
-0.59139 9.0
-0.59114 9.6
-0.5909 10.1
-0.59066 10.6
-0.59041 11.1
-0.59017 11.6
-0.58992 12.1
-0.58968 12.6
-0.58944 13.0
-0.58919 13.4
-0.58895 13.8
-0.5887 14.2
-0.58846 14.5
-0.58821 14.9
-0.58797 15.2
-0.58773 15.5
-0.58748 15.7
-0.58724 16.0
-0.58699 16.2
-0.58675 16.4
-0.58651 16.5
-0.58626 16.7
-0.58602 16.8
-0.58577 16.9
-0.58553 16.9
-0.58529 17.0
-0.58504 17.0
-0.5848 17.0
-0.58455 16.9
-0.58431 16.8
-0.58406 16.7
-0.58382 16.6
-0.58358 16.5
-0.58333 16.3
-0.58309 16.1
-0.58284 15.9
-0.5826 15.6
-0.58236 15.3
-0.58211 15.1
-0.58187 14.7
-0.58162 14.4
-0.58138 14.0
-0.58113 13.6
-0.58089 13.2
-0.58065 12.8
-0.5804 12.3
-0.58016 11.9
-0.57991 11.4
-0.57967 10.9
-0.57943 10.4
-0.57918 9.8
-0.57894 9.3
-0.57869 8.7
-0.57845 8.1
-0.57821 7.5
-0.57796 6.9
-0.57772 6.3
-0.57747 5.7
-0.57723 5.0
-0.57698 4.4
-0.57674 3.7
-0.5765 3.1
-0.57625 2.4
-0.57601 1.7
-0.57576 1.1
-0.57552 0.4
-0.57528 -0.3
-0.57503 -1.0
-0.57479 -1.6
-0.57454 -2.3
-0.5743 -3.0
-0.57405 -3.6
-0.57381 -4.3
-0.57357 -4.9
-0.57332 -5.6
-0.57308 -6.2
-0.57283 -6.8
-0.57259 -7.4
-0.57235 -8.1
-0.5721 -8.6
-0.57186 -9.2
-0.57161 -9.8
-0.57137 -10.3
-0.57113 -10.9
-0.57088 -11.4
-0.57064 -11.9
-0.57039 -12.3
-0.57015 -12.8
-0.5699 -13.2
-0.56966 -13.7
-0.56942 -14.1
-0.56917 -14.4
-0.56893 -14.8
-0.56868 -15.1
-0.56844 -15.4
-0.5682 -15.7
-0.56795 -16.0
-0.56771 -16.2
-0.56746 -16.4
-0.56722 -16.6
-0.56697 -16.7
-0.56673 -16.9
-0.56649 -17.0
-0.56624 -17.0
-0.566 -17.1
-0.56575 -17.1
-0.56551 -17.1
-0.56527 -17.1
-0.56502 -17.0
-0.56478 -16.9
-0.56453 -16.8
-0.56429 -16.7
-0.56404 -16.5
-0.5638 -16.3
-0.56356 -16.1
-0.56331 -15.8
-0.56307 -15.6
-0.56282 -15.3
-0.56258 -14.9
-0.56234 -14.6
-0.56209 -14.2
-0.56185 -13.8
-0.5616 -13.4
-0.56136 -13.0
-0.56112 -12.5
-0.56087 -12.1
-0.56063 -11.6
-0.56038 -11.1
-0.56014 -10.5
-0.55989 -10.0
-0.55965 -9.4
-0.55941 -8.8
-0.55916 -8.3
-0.55892 -7.6
-0.55867 -7.0
-0.55843 -6.4
-0.55819 -5.8
-0.55794 -5.1
-0.5577 -4.5
-0.55745 -3.8
-0.55721 -3.1
-0.55696 -2.4
-0.55672 -1.8
-0.55648 -1.1
-0.55623 -0.4
-0.55599 0.3
-0.55574 1.0
-0.5555 1.7
-0.55526 2.4
-0.55501 3.0
-0.55477 3.7
-0.55452 4.4
-0.55428 5.0
-0.55404 5.7
-0.55379 6.3
-0.55355 7.0
-0.5533 7.6
-0.55306 8.2
-0.55281 8.8
-0.55257 9.4
-0.55233 10.0
-0.55208 10.5
-0.55184 11.1
-0.55159 11.6
-0.55135 12.1
-0.55111 12.6
-0.55086 13.0
-0.55062 13.5
-0.55037 13.9
-0.55013 14.3
-0.54988 14.7
-0.54964 15.0
-0.5494 15.3
-0.54915 15.6
-0.54891 15.9
-0.54866 16.2
-0.54842 16.4
-0.54818 16.6
-0.54793 16.8
-0.54769 16.9
-0.54744 17.0
-0.5472 17.1
-0.54696 17.2
-0.54671 17.2
-0.54647 17.2
-0.54622 17.2
-0.54598 17.2
-0.54573 17.1
-0.54549 17.0
-0.54525 16.9
-0.545 16.7
-0.54476 16.5
-0.54451 16.3
-0.54427 16.1
-0.54403 15.8
-0.54378 15.5
-0.54354 15.2
-0.54329 14.8
-0.54305 14.5
-0.5428 14.1
-0.54256 13.7
-0.54232 13.2
-0.54207 12.8
-0.54183 12.3
-0.54158 11.8
-0.54134 11.3
-0.5411 10.8
-0.54085 10.2
-0.54061 9.6
-0.54036 9.0
-0.54012 8.4
-0.53988 7.8
-0.53963 7.2
-0.53939 6.6
-0.53914 5.9
-0.5389 5.2
-0.53865 4.6
-0.53841 3.9
-0.53817 3.2
-0.53792 2.5
-0.53768 1.8
-0.53743 1.1
-0.53719 0.4
-0.53695 -0.3
-0.5367 -1.0
-0.53646 -1.7
-0.53621 -2.4
-0.53597 -3.1
-0.53572 -3.7
-0.53548 -4.4
-0.53524 -5.1
-0.53499 -5.8
-0.53475 -6.4
-0.5345 -7.1
-0.53426 -7.7
-0.53402 -8.3
-0.53377 -8.9
-0.53353 -9.5
-0.53328 -10.1
-0.53304 -10.7
-0.53279 -11.2
-0.53255 -11.8
-0.53231 -12.3
-0.53206 -12.8
-0.53182 -13.2
-0.53157 -13.7
-0.53133 -14.1
-0.53109 -14.5
-0.53084 -14.9
-0.5306 -15.2
-0.53035 -15.6
-0.53011 -15.9
-0.52987 -16.1
-0.52962 -16.4
-0.52938 -16.6
-0.52913 -16.8
-0.52889 -17.0
-0.52864 -17.1
-0.5284 -17.2
-0.52816 -17.3
-0.52791 -17.3
-0.52767 -17.4
-0.52742 -17.4
-0.52718 -17.3
-0.52694 -17.3
-0.52669 -17.2
-0.52645 -17.1
-0.5262 -16.9
-0.52596 -16.7
-0.52571 -16.5
-0.52547 -16.3
-0.52523 -16.0
-0.52498 -15.8
-0.52474 -15.4
-0.52449 -15.1
-0.52425 -14.7
-0.52401 -14.4
-0.52376 -13.9
-0.52352 -13.5
-0.52327 -13.1
-0.52303 -12.6
-0.52279 -12.1
-0.52254 -11.6
-0.5223 -11.0
-0.52205 -10.5
-0.52181 -9.9
-0.52156 -9.3
-0.52132 -8.7
-0.52108 -8.1
-0.52083 -7.4
-0.52059 -6.8
-0.52034 -6.1
-0.5201 -5.4
-0.51986 -4.7
-0.51961 -4.1
-0.51937 -3.4
-0.51912 -2.7
-0.51888 -1.9
-0.51863 -1.2
-0.51839 -0.5
-0.51815 0.2
-0.5179 0.9
-0.51766 1.6
-0.51741 2.3
-0.51717 3.0
-0.51693 3.7
-0.51668 4.4
-0.51644 5.1
-0.51619 5.8
-0.51595 6.5
-0.51571 7.1
-0.51546 7.8
-0.51522 8.4
-0.51497 9.0
-0.51473 9.7
-0.51448 10.2
-0.51424 10.8
-0.514 11.4
-0.51375 11.9
-0.51351 12.4
-0.51326 12.9
-0.51302 13.4
-0.51278 13.9
-0.51253 14.3
-0.51229 14.7
-0.51204 15.1
-0.5118 15.4
-0.51155 15.7
-0.51131 16.1
-0.51107 16.3
-0.51082 16.6
-0.51058 16.8
-0.51033 17.0
-0.51009 17.1
-0.50985 17.3
-0.5096 17.4
-0.50936 17.5
-0.50911 17.5
-0.50887 17.5
-0.50863 17.5
-0.50838 17.5
-0.50814 17.4
-0.50789 17.3
-0.50765 17.1
-0.5074 17.0
-0.50716 16.8
-0.50692 16.6
-0.50667 16.3
-0.50643 16.0
-0.50618 15.7
-0.50594 15.4
-0.5057 15.0
-0.50545 14.7
-0.50521 14.3
-0.50496 13.8
-0.50472 13.4
-0.50447 12.9
-0.50423 12.4
-0.50399 11.9
-0.50374 11.3
-0.5035 10.7
-0.50325 10.2
-0.50301 9.6
-0.50277 8.9
-0.50252 8.3
-0.50228 7.7
-0.50203 7.0
-0.50179 6.3
-0.50154 5.6
-0.5013 5.0
-0.50106 4.3
-0.50081 3.5
-0.50057 2.8
-0.50032 2.1
-0.50008 1.4
-0.49984 0.6
-0.49959 0.0
-0.49935 -0.8
-0.4991 -1.5
-0.49886 -2.3
-0.49862 -3.0
-0.49837 -3.7
-0.49813 -4.4
-0.49788 -5.1
-0.49764 -5.8
-0.49739 -6.5
-0.49715 -7.2
-0.49691 -7.8
-0.49666 -8.5
-0.49642 -9.1
-0.49617 -9.7
-0.49593 -10.4
-0.49569 -10.9
-0.49544 -11.5
-0.4952 -12.1
-0.49495 -12.6
-0.49471 -13.1
-0.49446 -13.6
-0.49422 -14.0
-0.49398 -14.5
-0.49373 -14.9
-0.49349 -15.2
-0.49324 -15.6
-0.493 -15.9
-0.49276 -16.2
-0.49251 -16.5
-0.49227 -16.8
-0.49202 -17.0
-0.49178 -17.2
-0.49154 -17.3
-0.49129 -17.5
-0.49105 -17.6
-0.4908 -17.6
-0.49056 -17.7
-0.49031 -17.7
-0.49007 -17.6
-0.48983 -17.6
-0.48958 -17.5
-0.48934 -17.4
-0.48909 -17.2
-0.48885 -17.0
-0.48861 -16.8
-0.48836 -16.6
-0.48812 -16.3
-0.48787 -16.0
-0.48763 -15.7
-0.48738 -15.4
-0.48714 -15.0
-0.4869 -14.6
-0.48665 -14.1
-0.48641 -13.7
-0.48616 -13.2
-0.48592 -12.7
-0.48568 -12.2
-0.48543 -11.6
-0.48519 -11.1
-0.48494 -10.5
-0.4847 -9.9
-0.48446 -9.2
-0.48421 -8.6
-0.48397 -8.0
-0.48372 -7.3
-0.48348 -6.6
-0.48323 -5.9
-0.48299 -5.2
-0.48275 -4.5
-0.4825 -3.8
-0.48226 -3.0
-0.48201 -2.3
-0.48177 -1.6
-0.48153 -0.8
-0.48128 0.0
-0.48104 0.7
-0.48079 1.4
-0.48055 2.2
-0.4803 2.9
-0.48006 3.6
-0.47982 4.4
-0.47957 5.1
-0.47933 5.8
-0.47908 6.5
-0.47884 7.2
-0.4786 7.9
-0.47835 8.5
-0.47811 9.2
-0.47786 9.8
-0.47762 10.4
-0.47738 11.0
-0.47713 11.6
-0.47689 12.2
-0.47664 12.7
-0.4764 13.2
-0.47615 13.7
-0.47591 14.2
-0.47567 14.6
-0.47542 15.0
-0.47518 15.4
-0.47493 15.8
-0.47469 16.1
-0.47445 16.4
-0.4742 16.7
-0.47396 17.0
-0.47371 17.2
-0.47347 17.4
-0.47322 17.5
-0.47298 17.6
-0.47274 17.7
-0.47249 17.8
-0.47225 17.8
-0.472 17.8
-0.47176 17.8
-0.47152 17.7
-0.47127 17.6
-0.47103 17.5
-0.47078 17.3
-0.47054 17.1
-0.47029 16.9
-0.47005 16.6
-0.46981 16.4
-0.46956 16.0
-0.46932 15.7
-0.46907 15.3
-0.46883 14.9
-0.46859 14.5
-0.46834 14.0
-0.4681 13.6
-0.46785 13.1
-0.46761 12.5
-0.46737 12.0
-0.46712 11.4
-0.46688 10.8
-0.46663 10.2
-0.46639 9.6
-0.46614 8.9
-0.4659 8.3
-0.46566 7.6
-0.46541 6.9
-0.46517 6.2
-0.46492 5.5
-0.46468 4.7
-0.46444 4.0
-0.46419 3.3
-0.46395 2.5
-0.4637 1.8
-0.46346 1.0
-0.46321 0.2
-0.46297 -0.5
-0.46273 -1.3
-0.46248 -2.0
-0.46224 -2.8
-0.46199 -3.6
-0.46175 -4.3
-0.46151 -5.0
-0.46126 -5.8
-0.46102 -6.5
-0.46077 -7.2
-0.46053 -7.9
-0.46029 -8.6
-0.46004 -9.2
-0.4598 -9.9
-0.45955 -10.5
-0.45931 -11.1
-0.45906 -11.7
-0.45882 -12.3
-0.45858 -12.8
-0.45833 -13.4
-0.45809 -13.9
-0.45784 -14.3
-0.4576 -14.8
-0.45736 -15.2
-0.45711 -15.6
-0.45687 -16.0
-0.45662 -16.3
-0.45638 -16.6
-0.45613 -16.9
-0.45589 -17.1
-0.45565 -17.4
-0.4554 -17.5
-0.45516 -17.7
-0.45491 -17.8
-0.45467 -17.9
-0.45443 -17.9
-0.45418 -18.0
-0.45394 -18.0
-0.45369 -17.9
-0.45345 -17.8
-0.45321 -17.7
-0.45296 -17.6
-0.45272 -17.4
-0.45247 -17.2
-0.45223 -16.9
-0.45198 -16.7
-0.45174 -16.4
-0.4515 -16.0
-0.45125 -15.7
-0.45101 -15.3
-0.45076 -14.9
-0.45052 -14.4
-0.45028 -13.9
-0.45003 -13.4
-0.44979 -12.9
-0.44954 -12.4
-0.4493 -11.8
-0.44905 -11.2
-0.44881 -10.6
-0.44857 -9.9
-0.44832 -9.3
-0.44808 -8.6
-0.44783 -7.9
-0.44759 -7.2
-0.44735 -6.5
-0.4471 -5.8
-0.44686 -5.0
-0.44661 -4.3
-0.44637 -3.5
-0.44613 -2.8
-0.44588 -2.0
-0.44564 -1.2
-0.44539 -0.4
-0.44515 0.4
-0.4449 1.1
-0.44466 1.9
-0.44442 2.7
-0.44417 3.5
-0.44393 4.2
-0.44368 5.0
-0.44344 5.7
-0.4432 6.5
-0.44295 7.2
-0.44271 7.9
-0.44246 8.6
-0.44222 9.3
-0.44197 9.9
-0.44173 10.6
-0.44149 11.2
-0.44124 11.8
-0.441 12.4
-0.44075 13.0
-0.44051 13.5
-0.44027 14.0
-0.44002 14.5
-0.43978 14.9
-0.43953 15.4
-0.43929 15.8
-0.43904 16.2
-0.4388 16.5
-0.43856 16.8
-0.43831 17.1
-0.43807 17.3
-0.43782 17.5
-0.43758 17.7
-0.43734 17.9
-0.43709 18.0
-0.43685 18.1
-0.4366 18.1
-0.43636 18.1
-0.43612 18.1
-0.43587 18.1
-0.43563 18.0
-0.43538 17.8
-0.43514 17.7
-0.43489 17.5
-0.43465 17.3
-0.43441 17.0
-0.43416 16.7
-0.43392 16.4
-0.43367 16.0
-0.43343 15.7
-0.43319 15.2
-0.43294 14.8
-0.4327 14.3
-0.43245 13.8
-0.43221 13.3
-0.43196 12.7
-0.43172 12.2
-0.43148 11.6
-0.43123 11.0
-0.43099 10.3
-0.43074 9.6
-0.4305 9.0
-0.43026 8.3
-0.43001 7.6
-0.42977 6.8
-0.42952 6.1
-0.42928 5.3
-0.42904 4.6
-0.42879 3.8
-0.42855 3.0
-0.4283 2.2
-0.42806 1.4
-0.42781 0.6
-0.42757 -0.2
-0.42733 -1.0
-0.42708 -1.8
-0.42684 -2.6
-0.42659 -3.3
-0.42635 -4.1
-0.42611 -4.9
-0.42586 -5.7
-0.42562 -6.4
-0.42537 -7.2
-0.42513 -7.9
-0.42488 -8.6
-0.42464 -9.3
-0.4244 -10.0
-0.42415 -10.6
-0.42391 -11.3
-0.42366 -11.9
-0.42342 -12.5
-0.42318 -13.1
-0.42293 -13.6
-0.42269 -14.2
-0.42244 -14.6
-0.4222 -15.1
-0.42196 -15.6
-0.42171 -16.0
-0.42147 -16.3
-0.42122 -16.7
-0.42098 -17.0
-0.42073 -17.3
-0.42049 -17.5
-0.42025 -17.7
-0.42 -17.9
-0.41976 -18.1
-0.41951 -18.2
-0.41927 -18.3
-0.41903 -18.3
-0.41878 -18.3
-0.41854 -18.3
-0.41829 -18.2
-0.41805 -18.1
-0.4178 -18.0
-0.41756 -17.8
-0.41732 -17.6
-0.41707 -17.3
-0.41683 -17.1
-0.41658 -16.7
-0.41634 -16.4
-0.4161 -16.0
-0.41585 -15.6
-0.41561 -15.2
-0.41536 -14.7
-0.41512 -14.2
-0.41488 -13.7
-0.41463 -13.1
-0.41439 -12.6
-0.41414 -12.0
-0.4139 -11.3
-0.41365 -10.7
-0.41341 -10.0
-0.41317 -9.3
-0.41292 -8.6
-0.41268 -7.9
-0.41243 -7.2
-0.41219 -6.4
-0.41195 -5.6
-0.4117 -4.9
-0.41146 -4.1
-0.41121 -3.3
-0.41097 -2.5
-0.41072 -1.7
-0.41048 -0.8
-0.41024 0.0
-0.40999 0.8
-0.40975 1.6
-0.4095 2.4
-0.40926 3.2
-0.40902 4.0
-0.40877 4.8
-0.40853 5.6
-0.40828 6.4
-0.40804 7.1
-0.40779 7.9
-0.40755 8.6
-0.40731 9.3
-0.40706 10.0
-0.40682 10.7
-0.40657 11.4
-0.40633 12.0
-0.40609 12.6
-0.40584 13.2
-0.4056 13.8
-0.40535 14.3
-0.40511 14.8
-0.40487 15.3
-0.40462 15.7
-0.40438 16.2
-0.40413 16.5
-0.40389 16.9
-0.40364 17.2
-0.4034 17.5
-0.40316 17.7
-0.40291 17.9
-0.40267 18.1
-0.40242 18.3
-0.40218 18.4
-0.40194 18.4
-0.40169 18.5
-0.40145 18.5
-0.4012 18.4
-0.40096 18.3
-0.40071 18.2
-0.40047 18.1
-0.40023 17.9
-0.39998 17.7
-0.39974 17.4
-0.39949 17.1
-0.39925 16.8
-0.39901 16.4
-0.39876 16.0
-0.39852 15.6
-0.39827 15.1
-0.39803 14.6
-0.39779 14.1
-0.39754 13.5
-0.3973 13.0
-0.39705 12.4
-0.39681 11.7
-0.39656 11.1
-0.39632 10.4
-0.39608 9.7
-0.39583 9.0
-0.39559 8.3
-0.39534 7.5
-0.3951 6.7
-0.39486 5.9
-0.39461 5.2
-0.39437 4.3
-0.39412 3.5
-0.39388 2.7
-0.39363 1.9
-0.39339 1.0
-0.39315 0.2
-0.3929 -0.6
-0.39266 -1.5
-0.39241 -2.3
-0.39217 -3.1
-0.39193 -3.9
-0.39168 -4.8
-0.39144 -5.6
-0.39119 -6.4
-0.39095 -7.1
-0.39071 -7.9
-0.39046 -8.7
-0.39022 -9.4
-0.38997 -10.1
-0.38973 -10.8
-0.38948 -11.5
-0.38924 -12.1
-0.389 -12.8
-0.38875 -13.4
-0.38851 -13.9
-0.38826 -14.5
-0.38802 -15.0
-0.38778 -15.5
-0.38753 -15.9
-0.38729 -16.4
-0.38704 -16.8
-0.3868 -17.1
-0.38655 -17.4
-0.38631 -17.7
-0.38607 -18.0
-0.38582 -18.2
-0.38558 -18.3
-0.38533 -18.5
-0.38509 -18.6
-0.38485 -18.6
-0.3846 -18.6
-0.38436 -18.6
-0.38411 -18.6
-0.38387 -18.5
-0.38363 -18.3
-0.38338 -18.2
-0.38314 -18.0
-0.38289 -17.7
-0.38265 -17.4
-0.3824 -17.1
-0.38216 -16.8
-0.38192 -16.4
-0.38167 -16.0
-0.38143 -15.5
-0.38118 -15.0
-0.38094 -14.5
-0.3807 -13.9
-0.38045 -13.4
-0.38021 -12.8
-0.37996 -12.1
-0.37972 -11.5
-0.37947 -10.8
-0.37923 -10.1
-0.37899 -9.3
-0.37874 -8.6
-0.3785 -7.8
-0.37825 -7.0
-0.37801 -6.2
-0.37777 -5.4
-0.37752 -4.6
-0.37728 -3.8
-0.37703 -2.9
-0.37679 -2.1
-0.37654 -1.2
-0.3763 -0.4
-0.37606 0.5
-0.37581 1.3
-0.37557 2.2
-0.37532 3.0
-0.37508 3.9
-0.37484 4.7
-0.37459 5.6
-0.37435 6.4
-0.3741 7.2
-0.37386 8.0
-0.37362 8.7
-0.37337 9.5
-0.37313 10.2
-0.37288 10.9
-0.37264 11.6
-0.37239 12.3
-0.37215 12.9
-0.37191 13.5
-0.37166 14.1
-0.37142 14.7
-0.37117 15.2
-0.37093 15.7
-0.37069 16.2
-0.37044 16.6
-0.3702 17.0
-0.36995 17.3
-0.36971 17.7
-0.36946 17.9
-0.36922 18.2
-0.36898 18.4
-0.36873 18.6
-0.36849 18.7
-0.36824 18.8
-0.368 18.8
-0.36776 18.8
-0.36751 18.8
-0.36727 18.7
-0.36702 18.6
-0.36678 18.5
-0.36654 18.3
-0.36629 18.0
-0.36605 17.8
-0.3658 17.5
-0.36556 17.1
-0.36531 16.7
-0.36507 16.3
-0.36483 15.9
-0.36458 15.4
-0.36434 14.9
-0.36409 14.3
-0.36385 13.7
-0.36361 13.1
-0.36336 12.5
-0.36312 11.8
-0.36287 11.1
-0.36263 10.4
-0.36238 9.7
-0.36214 8.9
-0.3619 8.1
-0.36165 7.3
-0.36141 6.5
-0.36116 5.7
-0.36092 4.8
-0.36068 4.0
-0.36043 3.1
-0.36019 2.3
-0.35994 1.4
-0.3597 0.5
-0.35946 -0.4
-0.35921 -1.2
-0.35897 -2.1
-0.35872 -3.0
-0.35848 -3.9
-0.35823 -4.7
-0.35799 -5.6
-0.35775 -6.4
-0.3575 -7.2
-0.35726 -8.0
-0.35701 -8.8
-0.35677 -9.6
-0.35653 -10.4
-0.35628 -11.1
-0.35604 -11.8
-0.35579 -12.5
-0.35555 -13.1
-0.3553 -13.8
-0.35506 -14.4
-0.35482 -14.9
-0.35457 -15.5
-0.35433 -16.0
-0.35408 -16.4
-0.35384 -16.9
-0.3536 -17.3
-0.35335 -17.6
-0.35311 -17.9
-0.35286 -18.2
-0.35262 -18.4
-0.35238 -18.6
-0.35213 -18.8
-0.35189 -18.9
-0.35164 -19.0
-0.3514 -19.0
-0.35115 -19.0
-0.35091 -19.0
-0.35067 -18.9
-0.35042 -18.7
-0.35018 -18.6
-0.34993 -18.4
-0.34969 -18.1
-0.34945 -17.8
-0.3492 -17.5
-0.34896 -17.1
-0.34871 -16.7
-0.34847 -16.2
-0.34822 -15.8
-0.34798 -15.2
-0.34774 -14.7
-0.34749 -14.1
-0.34725 -13.5
-0.347 -12.8
-0.34676 -12.2
-0.34652 -11.5
-0.34627 -10.7
-0.34603 -10.0
-0.34578 -9.2
-0.34554 -8.4
-0.34529 -7.6
-0.34505 -6.8
-0.34481 -5.9
-0.34456 -5.0
-0.34432 -4.2
-0.34407 -3.3
-0.34383 -2.4
-0.34359 -1.5
-0.34334 -0.6
-0.3431 0.3
-0.34285 1.2
-0.34261 2.1
-0.34237 3.0
-0.34212 3.9
-0.34188 4.8
-0.34163 5.6
-0.34139 6.5
-0.34114 7.4
-0.3409 8.2
-0.34066 9.0
-0.34041 9.8
-0.34017 10.6
-0.33992 11.3
-0.33968 12.0
-0.33944 12.7
-0.33919 13.4
-0.33895 14.0
-0.3387 14.6
-0.33846 15.2
-0.33821 15.7
-0.33797 16.3
-0.33773 16.7
-0.33748 17.2
-0.33724 17.5
-0.33699 17.9
-0.33675 18.2
-0.33651 18.5
-0.33626 18.7
-0.33602 18.9
-0.33577 19.1
-0.33553 19.2
-0.33529 19.2
-0.33504 19.2
-0.3348 19.2
-0.33455 19.1
-0.33431 19.0
-0.33406 18.9
-0.33382 18.7
-0.33358 18.4
-0.33333 18.1
-0.33309 17.8
-0.33284 17.4
-0.3326 17.0
-0.33236 16.6
-0.33211 16.1
-0.33187 15.6
-0.33162 15.0
-0.33138 14.4
-0.33113 13.8
-0.33089 13.2
-0.33065 12.5
-0.3304 11.8
-0.33016 11.0
-0.32991 10.2
-0.32967 9.4
-0.32943 8.6
-0.32918 7.8
-0.32894 6.9
-0.32869 6.1
-0.32845 5.2
-0.32821 4.3
-0.32796 3.4
-0.32772 2.5
-0.32747 1.6
-0.32723 0.6
-0.32698 -0.3
-0.32674 -1.2
-0.3265 -2.2
-0.32625 -3.1
-0.32601 -4.0
-0.32576 -4.9
-0.32552 -5.8
-0.32528 -6.7
-0.32503 -7.5
-0.32479 -8.4
-0.32454 -9.2
-0.3243 -10.0
-0.32405 -10.8
-0.32381 -11.6
-0.32357 -12.3
-0.32332 -13.0
-0.32308 -13.7
-0.32283 -14.4
-0.32259 -15.0
-0.32235 -15.5
-0.3221 -16.1
-0.32186 -16.6
-0.32161 -17.1
-0.32137 -17.5
-0.32113 -17.9
-0.32088 -18.2
-0.32064 -18.5
-0.32039 -18.8
-0.32015 -19.0
-0.3199 -19.2
-0.31966 -19.3
-0.31942 -19.4
-0.31917 -19.4
-0.31893 -19.4
-0.31868 -19.4
-0.31844 -19.3
-0.3182 -19.1
-0.31795 -19.0
-0.31771 -18.7
-0.31746 -18.4
-0.31722 -18.1
-0.31697 -17.8
-0.31673 -17.4
-0.31649 -16.9
-0.31624 -16.4
-0.316 -15.9
-0.31575 -15.3
-0.31551 -14.7
-0.31527 -14.1
-0.31502 -13.4
-0.31478 -12.7
-0.31453 -12.0
-0.31429 -11.2
-0.31404 -10.4
-0.3138 -9.6
-0.31356 -8.8
-0.31331 -7.9
-0.31307 -7.1
-0.31282 -6.2
-0.31258 -5.3
-0.31234 -4.3
-0.31209 -3.4
-0.31185 -2.5
-0.3116 -1.5
-0.31136 -0.6
-0.31112 0.4
-0.31087 1.3
-0.31063 2.3
-0.31038 3.2
-0.31014 4.2
-0.30989 5.1
-0.30965 6.0
-0.30941 6.9
-0.30916 7.8
-0.30892 8.7
-0.30867 9.5
-0.30843 10.4
-0.30819 11.2
-0.30794 11.9
-0.3077 12.7
-0.30745 13.4
-0.30721 14.1
-0.30696 14.8
-0.30672 15.4
-0.30648 16.0
-0.30623 16.5
-0.30599 17.0
-0.30574 17.5
-0.3055 17.9
-0.30526 18.3
-0.30501 18.6
-0.30477 18.9
-0.30452 19.1
-0.30428 19.3
-0.30404 19.5
-0.30379 19.6
-0.30355 19.7
-0.3033 19.7
-0.30306 19.6
-0.30281 19.5
-0.30257 19.4
-0.30233 19.2
-0.30208 19.0
-0.30184 18.7
-0.30159 18.4
-0.30135 18.0
-0.30111 17.6
-0.30086 17.2
-0.30062 16.7
-0.30037 16.2
-0.30013 15.6
-0.29988 15.0
-0.29964 14.3
-0.2994 13.6
-0.29915 12.9
-0.29891 12.2
-0.29866 11.4
-0.29842 10.6
-0.29818 9.7
-0.29793 8.9
-0.29769 8.0
-0.29744 7.1
-0.2972 6.2
-0.29696 5.2
-0.29671 4.3
-0.29647 3.3
-0.29622 2.4
-0.29598 1.4
-0.29573 0.4
-0.29549 -0.6
-0.29525 -1.6
-0.295 -2.5
-0.29476 -3.5
-0.29451 -4.5
-0.29427 -5.4
-0.29403 -6.4
-0.29378 -7.3
-0.29354 -8.2
-0.29329 -9.1
-0.29305 -10.0
-0.2928 -10.8
-0.29256 -11.6
-0.29232 -12.4
-0.29207 -13.2
-0.29183 -13.9
-0.29158 -14.6
-0.29134 -15.2
-0.2911 -15.9
-0.29085 -16.4
-0.29061 -17.0
-0.29036 -17.5
-0.29012 -17.9
-0.28988 -18.3
-0.28963 -18.7
-0.28939 -19.0
-0.28914 -19.3
-0.2889 -19.5
-0.28865 -19.7
-0.28841 -19.8
-0.28817 -19.9
-0.28792 -19.9
-0.28768 -19.9
-0.28743 -19.8
-0.28719 -19.7
-0.28695 -19.5
-0.2867 -19.3
-0.28646 -19.0
-0.28621 -18.7
-0.28597 -18.3
-0.28572 -17.9
-0.28548 -17.4
-0.28524 -16.9
-0.28499 -16.4
-0.28475 -15.8
-0.2845 -15.2
-0.28426 -14.5
-0.28402 -13.8
-0.28377 -13.0
-0.28353 -12.3
-0.28328 -11.5
-0.28304 -10.6
-0.28279 -9.8
-0.28255 -8.9
-0.28231 -8.0
-0.28206 -7.0
-0.28182 -6.1
-0.28157 -5.1
-0.28133 -4.1
-0.28109 -3.1
-0.28084 -2.1
-0.2806 -1.1
-0.28035 -0.1
-0.28011 0.9
-0.27987 1.9
-0.27962 2.9
-0.27938 3.9
-0.27913 4.9
-0.27889 5.9
-0.27864 6.9
-0.2784 7.8
-0.27816 8.7
-0.27791 9.6
-0.27767 10.5
-0.27742 11.4
-0.27718 12.2
-0.27694 13.0
-0.27669 13.8
-0.27645 14.5
-0.2762 15.2
-0.27596 15.8
-0.27571 16.4
-0.27547 17.0
-0.27523 17.5
-0.27498 18.0
-0.27474 18.4
-0.27449 18.8
-0.27425 19.2
-0.27401 19.5
-0.27376 19.7
-0.27352 19.9
-0.27327 20.0
-0.27303 20.1
-0.27279 20.1
-0.27254 20.1
-0.2723 20.0
-0.27205 19.9
-0.27181 19.7
-0.27156 19.5
-0.27132 19.2
-0.27108 18.9
-0.27083 18.5
-0.27059 18.1
-0.27034 17.6
-0.2701 17.1
-0.26986 16.5
-0.26961 15.9
-0.26937 15.3
-0.26912 14.6
-0.26888 13.8
-0.26863 13.1
-0.26839 12.2
-0.26815 11.4
-0.2679 10.5
-0.26766 9.6
-0.26741 8.7
-0.26717 7.8
-0.26693 6.8
-0.26668 5.8
-0.26644 4.8
-0.26619 3.8
-0.26595 2.8
-0.26571 1.7
-0.26546 0.7
-0.26522 -0.4
-0.26497 -1.4
-0.26473 -2.4
-0.26448 -3.5
-0.26424 -4.5
-0.264 -5.5
-0.26375 -6.5
-0.26351 -7.5
-0.26326 -8.5
-0.26302 -9.4
-0.26278 -10.3
-0.26253 -11.2
-0.26229 -12.1
-0.26204 -12.9
-0.2618 -13.7
-0.26155 -14.5
-0.26131 -15.2
-0.26107 -15.9
-0.26082 -16.5
-0.26058 -17.1
-0.26033 -17.7
-0.26009 -18.2
-0.25985 -18.6
-0.2596 -19.0
-0.25936 -19.4
-0.25911 -19.7
-0.25887 -19.9
-0.25863 -20.1
-0.25838 -20.3
-0.25814 -20.4
-0.25789 -20.4
-0.25765 -20.4
-0.2574 -20.3
-0.25716 -20.2
-0.25692 -20.0
-0.25667 -19.7
-0.25643 -19.4
-0.25618 -19.1
-0.25594 -18.7
-0.2557 -18.2
-0.25545 -17.7
-0.25521 -17.2
-0.25496 -16.6
-0.25472 -15.9
-0.25447 -15.2
-0.25423 -14.5
-0.25399 -13.7
-0.25374 -12.9
-0.2535 -12.1
-0.25325 -11.2
-0.25301 -10.3
-0.25277 -9.4
-0.25252 -8.4
-0.25228 -7.4
-0.25203 -6.4
-0.25179 -5.4
-0.25154 -4.3
-0.2513 -3.3
-0.25106 -2.2
-0.25081 -1.1
-0.25057 0.0
-0.25032 1.0
-0.25008 2.1
-0.24984 3.2
-0.24959 4.2
-0.24935 5.3
-0.2491 6.3
-0.24886 7.3
-0.24862 8.3
-0.24837 9.3
-0.24813 10.3
-0.24788 11.2
-0.24764 12.1
-0.24739 13.0
-0.24715 13.8
-0.24691 14.6
-0.24666 15.3
-0.24642 16.0
-0.24617 16.7
-0.24593 17.3
-0.24569 17.9
-0.24544 18.4
-0.2452 18.9
-0.24495 19.3
-0.24471 19.7
-0.24446 20.0
-0.24422 20.2
-0.24398 20.4
-0.24373 20.6
-0.24349 20.6
-0.24324 20.7
-0.243 20.6
-0.24276 20.5
-0.24251 20.4
-0.24227 20.2
-0.24202 19.9
-0.24178 19.6
-0.24154 19.2
-0.24129 18.8
-0.24105 18.3
-0.2408 17.7
-0.24056 17.2
-0.24031 16.5
-0.24007 15.8
-0.23983 15.1
-0.23958 14.3
-0.23934 13.5
-0.23909 12.6
-0.23885 11.8
-0.23861 10.8
-0.23836 9.9
-0.23812 8.9
-0.23787 7.9
-0.23763 6.8
-0.23738 5.8
-0.23714 4.7
-0.2369 3.6
-0.23665 2.5
-0.23641 1.4
-0.23616 0.3
-0.23592 -0.8
-0.23568 -1.9
-0.23543 -3.0
-0.23519 -4.1
-0.23494 -5.2
-0.2347 -6.3
-0.23446 -7.4
-0.23421 -8.4
-0.23397 -9.4
-0.23372 -10.4
-0.23348 -11.4
-0.23323 -12.3
-0.23299 -13.2
-0.23275 -14.0
-0.2325 -14.9
-0.23226 -15.6
-0.23201 -16.3
-0.23177 -17.0
-0.23153 -17.7
-0.23128 -18.2
-0.23104 -18.8
-0.23079 -19.2
-0.23055 -19.7
-0.2303 -20.0
-0.23006 -20.3
-0.22982 -20.6
-0.22957 -20.7
-0.22933 -20.9
-0.22908 -20.9
-0.22884 -20.9
-0.2286 -20.9
-0.22835 -20.7
-0.22811 -20.6
-0.22786 -20.3
-0.22762 -20.0
-0.22738 -19.7
-0.22713 -19.2
-0.22689 -18.8
-0.22664 -18.2
-0.2264 -17.6
-0.22615 -17.0
-0.22591 -16.3
-0.22567 -15.6
-0.22542 -14.8
-0.22518 -13.9
-0.22493 -13.1
-0.22469 -12.1
-0.22445 -11.2
-0.2242 -10.2
-0.22396 -9.2
-0.22371 -8.2
-0.22347 -7.1
-0.22322 -6.0
-0.22298 -4.9
-0.22274 -3.8
-0.22249 -2.6
-0.22225 -1.5
-0.222 -0.3
-0.22176 0.8
-0.22152 2.0
-0.22127 3.1
-0.22103 4.3
-0.22078 5.4
-0.22054 6.5
-0.22029 7.6
-0.22005 8.7
-0.21981 9.7
-0.21956 10.7
-0.21932 11.7
-0.21907 12.7
-0.21883 13.6
-0.21859 14.5
-0.21834 15.3
-0.2181 16.1
-0.21785 16.8
-0.21761 17.5
-0.21737 18.1
-0.21712 18.7
-0.21688 19.2
-0.21663 19.7
-0.21639 20.1
-0.21614 20.5
-0.2159 20.7
-0.21566 21.0
-0.21541 21.1
-0.21517 21.2
-0.21492 21.2
-0.21468 21.2
-0.21444 21.1
-0.21419 20.9
-0.21395 20.7
-0.2137 20.4
-0.21346 20.0
-0.21321 19.6
-0.21297 19.1
-0.21273 18.6
-0.21248 18.0
-0.21224 17.3
-0.21199 16.6
-0.21175 15.9
-0.21151 15.1
-0.21126 14.2
-0.21102 13.3
-0.21077 12.3
-0.21053 11.4
-0.21029 10.3
-0.21004 9.3
-0.2098 8.2
-0.20955 7.1
-0.20931 6.0
-0.20906 4.8
-0.20882 3.6
-0.20858 2.5
-0.20833 1.3
-0.20809 0.0
-0.20784 -1.1
-0.2076 -2.3
-0.20736 -3.5
-0.20711 -4.7
-0.20687 -5.8
-0.20662 -7.0
-0.20638 -8.1
-0.20613 -9.2
-0.20589 -10.3
-0.20565 -11.3
-0.2054 -12.3
-0.20516 -13.3
-0.20491 -14.2
-0.20467 -15.1
-0.20443 -16.0
-0.20418 -16.7
-0.20394 -17.5
-0.20369 -18.2
-0.20345 -18.8
-0.20321 -19.4
-0.20296 -19.9
-0.20272 -20.3
-0.20247 -20.7
-0.20223 -21.0
-0.20198 -21.2
-0.20174 -21.4
-0.2015 -21.5
-0.20125 -21.6
-0.20101 -21.5
-0.20076 -21.4
-0.20052 -21.3
-0.20028 -21.0
-0.20003 -20.7
-0.19979 -20.3
-0.19954 -19.9
-0.1993 -19.4
-0.19905 -18.8
-0.19881 -18.2
-0.19857 -17.5
-0.19832 -16.8
-0.19808 -16.0
-0.19783 -15.2
-0.19759 -14.3
-0.19735 -13.3
-0.1971 -12.3
-0.19686 -11.3
-0.19661 -10.2
-0.19637 -9.1
-0.19613 -8.0
-0.19588 -6.8
-0.19564 -5.6
-0.19539 -4.4
-0.19515 -3.2
-0.1949 -2.0
-0.19466 -0.7
-0.19442 0.5
-0.19417 1.7
-0.19393 3.0
-0.19368 4.2
-0.19344 5.4
-0.1932 6.6
-0.19295 7.8
-0.19271 9.0
-0.19246 10.1
-0.19222 11.2
-0.19197 12.2
-0.19173 13.3
-0.19149 14.2
-0.19124 15.2
-0.191 16.0
-0.19075 16.9
-0.19051 17.6
-0.19027 18.4
-0.19002 19.0
-0.18978 19.6
-0.18953 20.1
-0.18929 20.6
-0.18904 21.0
-0.1888 21.3
-0.18856 21.6
-0.18831 21.7
-0.18807 21.8
-0.18782 21.9
-0.18758 21.8
-0.18734 21.7
-0.18709 21.5
-0.18685 21.3
-0.1866 21.0
-0.18636 20.6
-0.18612 20.1
-0.18587 19.6
-0.18563 18.9
-0.18538 18.3
-0.18514 17.5
-0.18489 16.8
-0.18465 15.9
-0.18441 15.0
-0.18416 14.0
-0.18392 13.0
-0.18367 12.0
-0.18343 10.9
-0.18319 9.8
-0.18294 8.6
-0.1827 7.4
-0.18245 6.2
-0.18221 4.9
-0.18196 3.7
-0.18172 2.4
-0.18148 1.1
-0.18123 -0.2
-0.18099 -1.5
-0.18074 -2.8
-0.1805 -4.0
-0.18026 -5.3
-0.18001 -6.6
-0.17977 -7.8
-0.17952 -9.0
-0.17928 -10.2
-0.17904 -11.3
-0.17879 -12.4
-0.17855 -13.5
-0.1783 -14.5
-0.17806 -15.5
-0.17781 -16.4
-0.17757 -17.2
-0.17733 -18.0
-0.17708 -18.8
-0.17684 -19.4
-0.17659 -20.0
-0.17635 -20.6
-0.17611 -21.0
-0.17586 -21.4
-0.17562 -21.7
-0.17537 -22.0
-0.17513 -22.1
-0.17488 -22.2
-0.17464 -22.2
-0.1744 -22.2
-0.17415 -22.0
-0.17391 -21.8
-0.17366 -21.5
-0.17342 -21.1
-0.17318 -20.6
-0.17293 -20.1
-0.17269 -19.5
-0.17244 -18.8
-0.1722 -18.1
-0.17196 -17.3
-0.17171 -16.4
-0.17147 -15.5
-0.17122 -14.5
-0.17098 -13.5
-0.17073 -12.4
-0.17049 -11.3
-0.17025 -10.1
-0.17 -8.9
-0.16976 -7.7
-0.16951 -6.4
-0.16927 -5.1
-0.16903 -3.8
-0.16878 -2.4
-0.16854 -1.1
-0.16829 0.2
-0.16805 1.6
-0.1678 2.9
-0.16756 4.3
-0.16732 5.6
-0.16707 6.9
-0.16683 8.2
-0.16658 9.4
-0.16634 10.6
-0.1661 11.8
-0.16585 13.0
-0.16561 14.0
-0.16536 15.1
-0.16512 16.1
-0.16488 17.0
-0.16463 17.9
-0.16439 18.7
-0.16414 19.4
-0.1639 20.1
-0.16365 20.7
-0.16341 21.2
-0.16317 21.6
-0.16292 22.0
-0.16268 22.3
-0.16243 22.5
-0.16219 22.6
-0.16195 22.6
-0.1617 22.6
-0.16146 22.4
-0.16121 22.2
-0.16097 21.9
-0.16072 21.5
-0.16048 21.1
-0.16024 20.5
-0.15999 19.9
-0.15975 19.2
-0.1595 18.4
-0.15926 17.6
-0.15902 16.7
-0.15877 15.7
-0.15853 14.7
-0.15828 13.6
-0.15804 12.5
-0.15779 11.3
-0.15755 10.1
-0.15731 8.8
-0.15706 7.5
-0.15682 6.1
-0.15657 4.8
-0.15633 3.4
-0.15609 2.0
-0.15584 0.6
-0.1556 -0.8
-0.15535 -2.2
-0.15511 -3.6
-0.15487 -5.0
-0.15462 -6.4
-0.15438 -7.7
-0.15413 -9.0
-0.15389 -10.3
-0.15364 -11.6
-0.1534 -12.8
-0.15316 -13.9
-0.15291 -15.0
-0.15267 -16.1
-0.15242 -17.1
-0.15218 -18.0
-0.15194 -18.8
-0.15169 -19.6
-0.15145 -20.3
-0.1512 -21.0
-0.15096 -21.5
-0.15071 -22.0
-0.15047 -22.4
-0.15023 -22.7
-0.14998 -22.9
-0.14974 -23.0
-0.14949 -23.0
-0.14925 -23.0
-0.14901 -22.8
-0.14876 -22.6
-0.14852 -22.2
-0.14827 -21.8
-0.14803 -21.3
-0.14779 -20.7
-0.14754 -20.1
-0.1473 -19.3
-0.14705 -18.5
-0.14681 -17.6
-0.14656 -16.6
-0.14632 -15.6
-0.14608 -14.5
-0.14583 -13.3
-0.14559 -12.1
-0.14534 -10.8
-0.1451 -9.5
-0.14486 -8.2
-0.14461 -6.8
-0.14437 -5.4
-0.14412 -3.9
-0.14388 -2.5
-0.14363 -1.0
-0.14339 0.5
-0.14315 1.9
-0.1429 3.4
-0.14266 4.9
-0.14241 6.3
-0.14217 7.7
-0.14193 9.1
-0.14168 10.4
-0.14144 11.8
-0.14119 13.0
-0.14095 14.2
-0.14071 15.4
-0.14046 16.5
-0.14022 17.5
-0.13997 18.5
-0.13973 19.4
-0.13948 20.2
-0.13924 20.9
-0.139 21.5
-0.13875 22.1
-0.13851 22.5
-0.13826 22.9
-0.13802 23.2
-0.13778 23.4
-0.13753 23.5
-0.13729 23.4
-0.13704 23.3
-0.1368 23.1
-0.13655 22.8
-0.13631 22.4
-0.13607 21.9
-0.13582 21.4
-0.13558 20.7
-0.13533 19.9
-0.13509 19.1
-0.13485 18.2
-0.1346 17.1
-0.13436 16.1
-0.13411 14.9
-0.13387 13.7
-0.13363 12.4
-0.13338 11.1
-0.13314 9.7
-0.13289 8.3
-0.13265 6.9
-0.1324 5.4
-0.13216 3.9
-0.13192 2.4
-0.13167 0.8
-0.13143 -0.7
-0.13118 -2.3
-0.13094 -3.8
-0.1307 -5.3
-0.13045 -6.8
-0.13021 -8.3
-0.12996 -9.8
-0.12972 -11.2
-0.12947 -12.5
-0.12923 -13.8
-0.12899 -15.1
-0.12874 -16.3
-0.1285 -17.4
-0.12825 -18.4
-0.12801 -19.4
-0.12777 -20.3
-0.12752 -21.1
-0.12728 -21.8
-0.12703 -22.4
-0.12679 -22.9
-0.12654 -23.3
-0.1263 -23.6
-0.12606 -23.8
-0.12581 -23.9
-0.12557 -23.9
-0.12532 -23.8
-0.12508 -23.6
-0.12484 -23.3
-0.12459 -22.9
-0.12435 -22.4
-0.1241 -21.7
-0.12386 -21.0
-0.12362 -20.2
-0.12337 -19.3
-0.12313 -18.3
-0.12288 -17.3
-0.12264 -16.1
-0.12239 -14.9
-0.12215 -13.6
-0.12191 -12.2
-0.12166 -10.8
-0.12142 -9.3
-0.12117 -7.8
-0.12093 -6.3
-0.12069 -4.7
-0.12044 -3.1
-0.1202 -1.5
-0.11995 0.1
-0.11971 1.8
-0.11946 3.4
-0.11922 5.0
-0.11898 6.6
-0.11873 8.1
-0.11849 9.7
-0.11824 11.2
-0.118 12.6
-0.11776 14.0
-0.11751 15.3
-0.11727 16.6
-0.11702 17.7
-0.11678 18.8
-0.11654 19.8
-0.11629 20.8
-0.11605 21.6
-0.1158 22.3
-0.11556 22.9
-0.11531 23.5
-0.11507 23.9
-0.11483 24.2
-0.11458 24.4
-0.11434 24.4
-0.11409 24.4
-0.11385 24.3
-0.11361 24.0
-0.11336 23.6
-0.11312 23.1
-0.11287 22.5
-0.11263 21.8
-0.11238 21.0
-0.11214 20.1
-0.1119 19.1
-0.11165 18.0
-0.11141 16.8
-0.11116 15.5
-0.11092 14.1
-0.11068 12.7
-0.11043 11.2
-0.11019 9.7
-0.10994 8.1
-0.1097 6.5
-0.10946 4.8
-0.10921 3.1
-0.10897 1.4
-0.10872 -0.3
-0.10848 -2.0
-0.10823 -3.7
-0.10799 -5.4
-0.10775 -7.1
-0.1075 -8.8
-0.10726 -10.4
-0.10701 -11.9
-0.10677 -13.4
-0.10653 -14.9
-0.10628 -16.2
-0.10604 -17.5
-0.10579 -18.7
-0.10555 -19.8
-0.1053 -20.8
-0.10506 -21.8
-0.10482 -22.6
-0.10457 -23.3
-0.10433 -23.9
-0.10408 -24.3
-0.10384 -24.7
-0.1036 -24.9
-0.10335 -25.0
-0.10311 -25.0
-0.10286 -24.8
-0.10262 -24.6
-0.10238 -24.2
-0.10213 -23.6
-0.10189 -23.0
-0.10164 -22.2
-0.1014 -21.4
-0.10115 -20.4
-0.10091 -19.3
-0.10067 -18.1
-0.10042 -16.8
-0.10018 -15.4
-0.09993 -14.0
-0.09969 -12.5
-0.09945 -10.9
-0.0992 -9.2
-0.09896 -7.5
-0.09871 -5.7
-0.09847 -4.0
-0.09822 -2.2
-0.09798 -0.3
-0.09774 1.5
-0.09749 3.3
-0.09725 5.1
-0.097 6.9
-0.09676 8.7
-0.09652 10.4
-0.09627 12.0
-0.09603 13.6
-0.09578 15.2
-0.09554 16.6
-0.09529 18.0
-0.09505 19.3
-0.09481 20.4
-0.09456 21.5
-0.09432 22.5
-0.09407 23.3
-0.09383 24.0
-0.09359 24.6
-0.09334 25.1
-0.0931 25.4
-0.09285 25.6
-0.09261 25.6
-0.09237 25.5
-0.09212 25.3
-0.09188 25.0
-0.09163 24.5
-0.09139 23.8
-0.09114 23.1
-0.0909 22.2
-0.09066 21.2
-0.09041 20.0
-0.09017 18.8
-0.08992 17.4
-0.08968 16.0
-0.08944 14.4
-0.08919 12.8
-0.08895 11.1
-0.0887 9.4
-0.08846 7.5
-0.08821 5.7
-0.08797 3.8
-0.08773 1.8
-0.08748 -0.1
-0.08724 -2.1
-0.08699 -4.0
-0.08675 -5.9
-0.08651 -7.8
-0.08626 -9.7
-0.08602 -11.5
-0.08577 -13.2
-0.08553 -14.9
-0.08529 -16.4
-0.08504 -17.9
-0.0848 -19.3
-0.08455 -20.6
-0.08431 -21.8
-0.08406 -22.9
-0.08382 -23.8
-0.08358 -24.6
-0.08333 -25.2
-0.08309 -25.7
-0.08284 -26.1
-0.0826 -26.3
-0.08236 -26.3
-0.08211 -26.2
-0.08187 -26.0
-0.08162 -25.5
-0.08138 -25.0
-0.08113 -24.3
-0.08089 -23.4
-0.08065 -22.4
-0.0804 -21.3
-0.08016 -20.0
-0.07991 -18.6
-0.07967 -17.1
-0.07943 -15.5
-0.07918 -13.8
-0.07894 -12.0
-0.07869 -10.2
-0.07845 -8.2
-0.07821 -6.3
-0.07796 -4.2
-0.07772 -2.2
-0.07747 0.0
-0.07723 2.0
-0.07698 4.1
-0.07674 6.1
-0.0765 8.2
-0.07625 10.1
-0.07601 12.1
-0.07576 13.9
-0.07552 15.7
-0.07528 17.4
-0.07503 18.9
-0.07479 20.4
-0.07454 21.7
-0.0743 22.9
-0.07405 24.0
-0.07381 24.9
-0.07357 25.7
-0.07332 26.3
-0.07308 26.7
-0.07283 27.0
-0.07259 27.1
-0.07235 27.0
-0.0721 26.8
-0.07186 26.3
-0.07161 25.8
-0.07137 25.0
-0.07113 24.1
-0.07088 23.0
-0.07064 21.8
-0.07039 20.4
-0.07015 18.9
-0.0699 17.3
-0.06966 15.5
-0.06942 13.6
-0.06917 11.7
-0.06893 9.6
-0.06868 7.5
-0.06844 5.4
-0.0682 3.2
-0.06795 0.9
-0.06771 -1.3
-0.06746 -3.6
-0.06722 -5.8
-0.06697 -8.0
-0.06673 -10.1
-0.06649 -12.2
-0.06624 -14.2
-0.066 -16.1
-0.06575 -18.0
-0.06551 -19.7
-0.06527 -21.2
-0.06502 -22.6
-0.06478 -23.9
-0.06453 -25.0
-0.06429 -26.0
-0.06404 -26.7
-0.0638 -27.3
-0.06356 -27.7
-0.06331 -27.9
-0.06307 -27.9
-0.06282 -27.8
-0.06258 -27.4
-0.06234 -26.8
-0.06209 -26.0
-0.06185 -25.1
-0.0616 -23.9
-0.06136 -22.6
-0.06112 -21.1
-0.06087 -19.5
-0.06063 -17.7
-0.06038 -15.8
-0.06014 -13.8
-0.05989 -11.6
-0.05965 -9.4
-0.05941 -7.1
-0.05916 -4.7
-0.05892 -2.3
-0.05867 0.0
-0.05843 2.5
-0.05819 5.0
-0.05794 7.4
-0.0577 9.7
-0.05745 12.0
-0.05721 14.2
-0.05696 16.3
-0.05672 18.3
-0.05648 20.2
-0.05623 21.9
-0.05599 23.5
-0.05574 24.9
-0.0555 26.0
-0.05526 27.1
-0.05501 27.9
-0.05477 28.4
-0.05452 28.8
-0.05428 29.0
-0.05404 28.9
-0.05379 28.6
-0.05355 28.0
-0.0533 27.3
-0.05306 26.3
-0.05281 25.2
-0.05257 23.8
-0.05233 22.2
-0.05208 20.4
-0.05184 18.5
-0.05159 16.4
-0.05135 14.2
-0.05111 11.8
-0.05086 9.4
-0.05062 6.8
-0.05037 4.2
-0.05013 1.6
-0.04988 -1.1
-0.04964 -3.8
-0.0494 -6.4
-0.04915 -9.0
-0.04891 -11.6
-0.04866 -14.0
-0.04842 -16.4
-0.04818 -18.6
-0.04793 -20.7
-0.04769 -22.6
-0.04744 -24.3
-0.0472 -25.9
-0.04696 -27.2
-0.04671 -28.3
-0.04647 -29.1
-0.04622 -29.7
-0.04598 -30.0
-0.04573 -30.1
-0.04549 -29.9
-0.04525 -29.5
-0.045 -28.8
-0.04476 -27.8
-0.04451 -26.6
-0.04427 -25.1
-0.04403 -23.4
-0.04378 -21.5
-0.04354 -19.4
-0.04329 -17.1
-0.04305 -14.6
-0.0428 -12.0
-0.04256 -9.3
-0.04232 -6.5
-0.04207 -3.6
-0.04183 -0.6
-0.04158 2.4
-0.04134 5.3
-0.0411 8.3
-0.04085 11.1
-0.04061 13.9
-0.04036 16.6
-0.04012 19.1
-0.03988 21.4
-0.03963 23.5
-0.03939 25.5
-0.03914 27.2
-0.0389 28.6
-0.03865 29.8
-0.03841 30.6
-0.03817 31.2
-0.03792 31.5
-0.03768 31.4
-0.03743 31.1
-0.03719 30.4
-0.03695 29.4
-0.0367 28.1
-0.03646 26.5
-0.03621 24.7
-0.03597 22.5
-0.03572 20.2
-0.03548 17.6
-0.03524 14.8
-0.03499 11.8
-0.03475 8.7
-0.0345 5.5
-0.03426 2.2
-0.03402 -1.2
-0.03377 -4.5
-0.03353 -7.9
-0.03328 -11.1
-0.03304 -14.3
-0.03279 -17.3
-0.03255 -20.1
-0.03231 -22.7
-0.03206 -25.1
-0.03182 -27.3
-0.03157 -29.1
-0.03133 -30.6
-0.03109 -31.8
-0.03084 -32.6
-0.0306 -33.1
-0.03035 -33.1
-0.03011 -32.8
-0.02987 -32.1
-0.02962 -31.0
-0.02938 -29.5
-0.02913 -27.7
-0.02889 -25.5
-0.02864 -23.0
-0.0284 -20.2
-0.02816 -17.1
-0.02791 -13.8
-0.02767 -10.3
-0.02742 -6.7
-0.02718 -2.9
-0.02694 0.9
-0.02669 4.8
-0.02645 8.6
-0.0262 12.3
-0.02596 15.9
-0.02571 19.3
-0.02547 22.5
-0.02523 25.5
-0.02498 28.1
-0.02474 30.3
-0.02449 32.2
-0.02425 33.6
-0.02401 34.6
-0.02376 35.1
-0.02352 35.2
-0.02327 34.7
-0.02303 33.7
-0.02279 32.3
-0.02254 30.4
-0.0223 28.0
-0.02205 25.2
-0.02181 22.0
-0.02156 18.4
-0.02132 14.5
-0.02108 10.4
-0.02083 6.1
-0.02059 1.6
-0.02034 -2.9
-0.0201 -7.5
-0.01986 -11.9
-0.01961 -16.3
-0.01937 -20.4
-0.01912 -24.2
-0.01888 -27.7
-0.01863 -30.7
-0.01839 -33.3
-0.01815 -35.3
-0.0179 -36.8
-0.01766 -37.6
-0.01741 -37.8
-0.01717 -37.4
-0.01693 -36.3
-0.01668 -34.5
-0.01644 -32.1
-0.01619 -29.0
-0.01595 -25.4
-0.01571 -21.3
-0.01546 -16.7
-0.01522 -11.7
-0.01497 -6.4
-0.01473 -1.0
-0.01448 4.6
-0.01424 10.1
-0.014 15.6
-0.01375 20.7
-0.01351 25.6
-0.01326 29.9
-0.01302 33.7
-0.01278 36.8
-0.01253 39.2
-0.01229 40.7
-0.01204 41.3
-0.0118 41.0
-0.01155 39.7
-0.01131 37.5
-0.01107 34.3
-0.01082 30.2
-0.01058 25.3
-0.01033 19.7
-0.01009 13.4
-0.00985 6.7
-0.0096 -0.3
-0.00936 -7.5
-0.00911 -14.6
-0.00887 -21.5
-0.00863 -27.9
-0.00838 -33.6
-0.00814 -38.5
-0.00789 -42.3
-0.00765 -44.8
-0.0074 -46.0
-0.00716 -45.8
-0.00692 -43.9
-0.00667 -40.6
-0.00643 -35.7
-0.00618 -29.4
-0.00594 -21.9
-0.0057 -13.3
-0.00545 -3.9
-0.00521 6.0
-0.00496 15.8
-0.00472 25.4
-0.00447 34.1
-0.00423 41.6
-0.00399 47.5
-0.00374 51.2
-0.0035 52.5
-0.00325 51.1
-0.00301 46.8
-0.00277 39.8
-0.00252 30.1
-0.00228 18.1
-0.00203 4.3
-0.00179 -10.3
-0.00154 -25.0
-0.0013 -38.4
-0.00106 -49.5
-0.00081 -56.9
-0.00057 -59.4
-0.00032 -56.1
-8e-05 -46.4
0.00016 -31.0
0.00041 -11.1
0.00065 10.6
0.0009 31.1
0.00114 46.9
0.00138 55.0
0.00163 53.5
0.00187 42.8
0.00212 24.7
0.00236 3.0
0.00261 -17.6
0.00285 -33.0
0.00309 -40.1
0.00334 -38.2
0.00358 -28.3
0.00383 -13.4
0.00407 2.6
0.00431 15.9
0.00456 23.8
0.0048 25.2
0.00505 20.5
0.00529 11.7
0.00554 1.4
0.00578 -7.6
0.00602 -13.5
0.00627 -15.2
0.00651 -12.9
0.00676 -7.8
0.007 -1.6
0.00724 4.0
0.00749 7.8
0.00773 9.0
0.00798 7.8
0.00822 4.9
0.00846 1.1
0.00871 -2.3
0.00895 -4.6
0.0092 -5.4
0.00944 -4.7
0.00969 -2.9
0.00993 -0.7
0.01017 1.4
0.01042 2.8
0.01066 3.3
0.01091 2.9
0.01115 1.8
0.01139 0.4
0.01164 -0.8
0.01188 -1.7
0.01213 -2.0
0.01237 -1.7
0.01262 -1.1
0.01286 -0.3
0.0131 0.5
0.01335 1.0
0.01359 1.2
0.01384 1.0
0.01408 0.7
0.01432 0.2
0.01457 -0.3
0.01481 -0.6
0.01506 -0.7
0.0153 -0.6
0.01554 -0.4
0.01579 0.0
0.01603 0.2
0.01628 0.4
0.01652 0.4
0.01677 0.4
0.01701 0.2
0.01725 0.0
0.0175 -0.1
0.01774 -0.2
0.01799 -0.3
0.01823 -0.2
0.01847 -0.1
0.01872 0.0
0.01896 0.0
0.01921 0.1
0.01945 0.2
0.0197 0.1
0.01994 0.0
0.02018 0.0
0.02043 0.0
0.02067 0.0
0.02092 0.0
0.02116 0.0
0.0214 0.0
0.02165 0.0
0.02189 0.0
0.02214 0.0
0.02238 0.0
0.02262 0.0
0.02287 0.0
0.02311 0.0
0.02336 0.0
0.0236 0.0
0.02385 0.0
0.02409 0.0
0.02433 0.0
0.02458 0.0
0.02482 0.0
0.02507 0.0
0.02531 0.0
0.02555 0.0
0.0258 0.0
0.02604 0.0
0.02629 0.0
0.02653 0.0
0.02678 0.0
0.02702 0.0
0.02726 0.0
0.02751 0.0
0.02775 0.0
0.028 0.0
0.02824 0.0
0.02848 0.0
0.02873 0.0
0.02897 0.0
0.02922 0.0
0.02946 0.0
0.02971 0.0
0.02995 0.0
0.03019 0.0
0.03044 0.0
0.03068 0.0
0.03093 0.0
0.03117 0.0
0.03141 0.0
0.03166 0.0
0.0319 0.0
0.03215 0.0
0.03239 0.0
0.03263 0.0
0.03288 0.0
0.03312 0.0
0.03337 0.0
0.03361 0.0
0.03386 0.0
0.0341 0.0
0.03434 0.0
0.03459 0.0
0.03483 0.0
0.03508 0.0
0.03532 0.0
0.03556 0.0
0.03581 0.0
0.03605 0.0
0.0363 0.0
0.03654 0.0
0.03679 0.0
0.03703 0.0
0.03727 0.0
0.03752 0.0
0.03776 0.0
0.03801 0.0
0.03825 0.0
0.03849 0.0
0.03874 0.0
0.03898 0.0
0.03923 0.0
0.03947 0.0
0.03971 0.0
0.03996 0.0
0.0402 0.0
0.04045 0.0
0.04069 0.0
0.04094 0.0
0.04118 0.0
0.04142 0.0
0.04167 0.0
0.04191 0.0
0.04216 0.0
0.0424 0.0
0.04264 0.0
0.04289 0.0
0.04313 0.0
0.04338 0.0
0.04362 0.0
0.04387 0.0
0.04411 0.0
0.04435 0.0
0.0446 0.0
0.04484 0.0
0.04509 0.0
0.04533 0.0
0.04557 0.0
0.04582 0.0
0.04606 0.0
0.04631 0.0
0.04655 0.0
0.04679 0.0
0.04704 0.0
0.04728 0.0
0.04753 0.0
0.04777 0.0
0.04802 0.0
0.04826 0.0
0.0485 0.0
0.04875 0.0
0.04899 0.0
0.04924 0.0
0.04948 0.0
0.04972 0.0
0.04997 0.0
0.05021 0.0
0.05046 0.0
0.0507 0.0
0.05095 0.0
0.05119 0.0
0.05143 0.0
0.05168 0.0
0.05192 0.0
0.05217 0.0
0.05241 0.0
0.05265 0.0
0.0529 0.0
0.05314 0.0
0.05339 0.0
0.05363 0.0
0.05387 0.0
0.05412 0.0
0.05436 0.0
0.05461 0.0
0.05485 0.0
0.0551 0.0
0.05534 0.0
0.05558 0.0
0.05583 0.0
0.05607 0.0
0.05632 0.0
0.05656 0.0
0.0568 0.0
0.05705 0.0
0.05729 0.0
0.05754 0.0
0.05778 0.0
0.05803 0.0
0.05827 0.0
0.05851 0.0
0.05876 0.0
0.059 0.0
0.05925 0.0
0.05949 0.0
0.05973 0.0
0.05998 0.0
0.06022 0.0
0.06047 0.0
0.06071 0.0
0.06096 0.0
0.0612 0.0
0.06144 0.0
0.06169 0.0
0.06193 0.0
0.06218 0.0
0.06242 0.0
0.06266 0.0
0.06291 0.0
0.06315 0.0
0.0634 0.0
0.06364 0.0
0.06388 0.0
0.06413 0.0
0.06437 0.0
0.06462 0.0
0.06486 0.0
0.06511 0.0
0.06535 0.0
0.06559 0.0
0.06584 0.0
0.06608 0.0
0.06633 0.0
0.06657 0.0
0.06681 0.0
0.06706 0.0
0.0673 0.0
0.06755 0.0
0.06779 0.0
0.06804 0.0
0.06828 0.0
0.06852 0.0
0.06877 0.0
0.06901 0.0
0.06926 0.0
0.0695 0.0
0.06974 0.0
0.06999 0.0
0.07023 0.0
0.07048 0.0
0.07072 0.0
0.07096 0.0
0.07121 0.0
0.07145 0.0
0.0717 0.0
0.07194 0.0
0.07219 0.0
0.07243 0.0
0.07267 0.0
0.07292 0.0
0.07316 0.0
0.07341 0.0
0.07365 0.0
0.07389 0.0
0.07414 0.0
0.07438 0.0
0.07463 0.0
0.07487 0.0
0.07512 0.0
0.07536 0.0
0.0756 0.0
0.07585 0.0
0.07609 0.0
0.07634 0.0
0.07658 0.0
0.07682 0.0
0.07707 0.0
0.07731 0.0
0.07756 0.0
0.0778 0.0
0.07804 0.0
0.07829 0.0
0.07853 0.0
0.07878 0.0
0.07902 0.0
0.07927 0.0
0.07951 0.0
0.07975 0.0
0.08 0.0
0.08024 0.0
0.08049 0.0
0.08073 0.0
0.08097 0.0
0.08122 0.0
0.08146 0.0
0.08171 0.0
0.08195 0.0
0.0822 0.0
0.08244 0.0
0.08268 0.0
0.08293 0.0
0.08317 0.0
0.08342 0.0
0.08366 0.0
0.0839 0.0
0.08415 0.0
0.08439 0.0
0.08464 0.0
0.08488 0.0
0.08512 0.0
0.08537 0.0
0.08561 0.0
0.08586 0.0
0.0861 0.0
0.08635 0.0
0.08659 0.0
0.08683 0.0
0.08708 0.0
0.08732 0.0
0.08757 0.0
0.08781 0.0
0.08805 0.0
0.0883 0.0
0.08854 0.0
0.08879 0.0
0.08903 0.0
0.08928 0.0
0.08952 0.0
0.08976 0.0
0.09001 0.0
0.09025 0.0
0.0905 0.0
0.09074 0.0
0.09098 0.0
0.09123 0.0
0.09147 0.0
0.09172 0.0
0.09196 0.0
0.09221 0.0
0.09245 0.0
0.09269 0.0
0.09294 0.0
0.09318 0.0
0.09343 0.0
0.09367 0.0
0.09391 0.0
0.09416 0.0
0.0944 0.0
0.09465 0.0
0.09489 0.0
0.09513 0.0
0.09538 0.0
0.09562 0.0
0.09587 0.0
0.09611 0.0
0.09636 0.0
0.0966 0.0
0.09684 0.0
0.09709 0.0
0.09733 0.0
0.09758 0.0
0.09782 0.0
0.09806 0.0
0.09831 0.0
0.09855 0.0
0.0988 0.0
0.09904 0.0
0.09929 0.0
0.09953 0.0
0.09977 0.0
0.10002 0.0
0.10026 0.0
0.10051 0.0
0.10075 0.0
0.10099 0.0
0.10124 0.0
0.10148 0.0
0.10173 0.0
0.10197 0.0
0.10221 0.0
0.10246 0.0
0.1027 0.0
0.10295 0.0
0.10319 0.0
0.10344 0.0
0.10368 0.0
0.10392 0.0
0.10417 0.0
0.10441 0.0
0.10466 0.0
0.1049 0.0
0.10514 0.0
0.10539 0.0
0.10563 0.0
0.10588 0.0
0.10612 0.0
0.10637 0.0
0.10661 0.0
0.10685 0.0
0.1071 0.0
0.10734 0.0
0.10759 0.0
0.10783 0.0
0.10807 0.0
0.10832 0.0
0.10856 0.0
0.10881 0.0
0.10905 0.0
0.10929 0.0
0.10954 0.0
0.10978 0.0
0.11003 0.0
0.11027 0.0
0.11052 0.0
0.11076 0.0
0.111 0.0
0.11125 0.0
0.11149 0.0
0.11174 0.0
0.11198 0.0
0.11222 0.0
0.11247 0.0
0.11271 0.0
0.11296 0.0
0.1132 0.0
0.11345 0.0
0.11369 0.0
0.11393 0.0
0.11418 0.0
0.11442 0.0
0.11467 0.0
0.11491 0.0
0.11515 0.0
0.1154 0.0
0.11564 0.0
0.11589 0.0
0.11613 0.0
0.11637 0.0
0.11662 0.0
0.11686 0.0
0.11711 0.0
0.11735 0.0
