t strain*1e23
-0.52731 -16.5
-0.52706 -17.0
-0.52682 -17.4
-0.52657 -17.9
-0.52633 -18.3
-0.52608 -18.6
-0.52584 -19.0
-0.5256 -19.3
-0.52535 -19.6
-0.52511 -19.9
-0.52486 -20.2
-0.52462 -20.4
-0.52438 -20.6
-0.52413 -20.8
-0.52389 -21.0
-0.52364 -21.1
-0.5234 -21.2
-0.52316 -21.3
-0.52291 -21.3
-0.52267 -21.4
-0.52242 -21.4
-0.52218 -21.3
-0.52193 -21.3
-0.52169 -21.2
-0.52145 -21.1
-0.5212 -20.9
-0.52096 -20.8
-0.52071 -20.6
-0.52047 -20.4
-0.52023 -20.1
-0.51998 -19.8
-0.51974 -19.5
-0.51949 -19.2
-0.51925 -18.9
-0.519 -18.5
-0.51876 -18.1
-0.51852 -17.7
-0.51827 -17.3
-0.51803 -16.8
-0.51778 -16.3
-0.51754 -15.8
-0.5173 -15.3
-0.51705 -14.7
-0.51681 -14.2
-0.51656 -13.6
-0.51632 -13.0
-0.51608 -12.4
-0.51583 -11.7
-0.51559 -11.1
-0.51534 -10.4
-0.5151 -9.8
-0.51485 -9.1
-0.51461 -8.4
-0.51437 -7.7
-0.51412 -6.9
-0.51388 -6.2
-0.51363 -5.5
-0.51339 -4.7
-0.51315 -4.0
-0.5129 -3.2
-0.51266 -2.4
-0.51241 -1.7
-0.51217 -0.9
-0.51192 -0.1
-0.51168 0.6
-0.51144 1.4
-0.51119 2.2
-0.51095 2.9
-0.5107 3.7
-0.51046 4.5
-0.51022 5.2
-0.50997 6.0
-0.50973 6.7
-0.50948 7.4
-0.50924 8.1
-0.509 8.9
-0.50875 9.6
-0.50851 10.2
-0.50826 10.9
-0.50802 11.6
-0.50777 12.2
-0.50753 12.8
-0.50729 13.5
-0.50704 14.1
-0.5068 14.6
-0.50655 15.2
-0.50631 15.7
-0.50607 16.3
-0.50582 16.8
-0.50558 17.2
-0.50533 17.7
-0.50509 18.1
-0.50484 18.5
-0.5046 18.9
-0.50436 19.3
-0.50411 19.6
-0.50387 19.9
-0.50362 20.2
-0.50338 20.5
-0.50314 20.7
-0.50289 20.9
-0.50265 21.1
-0.5024 21.2
-0.50216 21.4
-0.50191 21.5
-0.50167 21.5
-0.50143 21.6
-0.50118 21.6
-0.50094 21.6
-0.50069 21.5
-0.50045 21.4
-0.50021 21.3
-0.49996 21.2
-0.49972 21.0
-0.49947 20.9
-0.49923 20.6
-0.49899 20.4
-0.49874 20.1
-0.4985 19.8
-0.49825 19.5
-0.49801 19.2
-0.49776 18.8
-0.49752 18.4
-0.49728 18.0
-0.49703 17.6
-0.49679 17.1
-0.49654 16.6
-0.4963 16.1
-0.49606 15.6
-0.49581 15.0
-0.49557 14.4
-0.49532 13.8
-0.49508 13.2
-0.49483 12.6
-0.49459 11.9
-0.49435 11.3
-0.4941 10.6
-0.49386 9.9
-0.49361 9.2
-0.49337 8.5
-0.49313 7.8
-0.49288 7.0
-0.49264 6.3
-0.49239 5.5
-0.49215 4.8
-0.49191 4.0
-0.49166 3.2
-0.49142 2.4
-0.49117 1.6
-0.49093 0.9
-0.49068 0.0
-0.49044 -0.7
-0.4902 -1.5
-0.48995 -2.3
-0.48971 -3.1
-0.48946 -3.9
-0.48922 -4.6
-0.48898 -5.4
-0.48873 -6.2
-0.48849 -6.9
-0.48824 -7.7
-0.488 -8.4
-0.48775 -9.1
-0.48751 -9.8
-0.48727 -10.5
-0.48702 -11.2
-0.48678 -11.9
-0.48653 -12.6
-0.48629 -13.2
-0.48605 -13.8
-0.4858 -14.4
-0.48556 -15.0
-0.48531 -15.6
-0.48507 -16.1
-0.48483 -16.6
-0.48458 -17.1
-0.48434 -17.6
-0.48409 -18.1
-0.48385 -18.5
-0.4836 -18.9
-0.48336 -19.3
-0.48312 -19.7
-0.48287 -20.0
-0.48263 -20.3
-0.48238 -20.6
-0.48214 -20.8
-0.4819 -21.0
-0.48165 -21.2
-0.48141 -21.4
-0.48116 -21.5
-0.48092 -21.6
-0.48067 -21.7
-0.48043 -21.8
-0.48019 -21.8
-0.47994 -21.8
-0.4797 -21.7
-0.47945 -21.7
-0.47921 -21.6
-0.47897 -21.4
-0.47872 -21.3
-0.47848 -21.1
-0.47823 -20.9
-0.47799 -20.6
-0.47775 -20.4
-0.4775 -20.1
-0.47726 -19.7
-0.47701 -19.4
-0.47677 -19.0
-0.47652 -18.6
-0.47628 -18.2
-0.47604 -17.7
-0.47579 -17.3
-0.47555 -16.8
-0.4753 -16.2
-0.47506 -15.7
-0.47482 -15.1
-0.47457 -14.5
-0.47433 -13.9
-0.47408 -13.3
-0.47384 -12.6
-0.47359 -12.0
-0.47335 -11.3
-0.47311 -10.6
-0.47286 -9.9
-0.47262 -9.2
-0.47237 -8.4
-0.47213 -7.7
-0.47189 -6.9
-0.47164 -6.2
-0.4714 -5.4
-0.47115 -4.6
-0.47091 -3.8
-0.47066 -3.0
-0.47042 -2.2
-0.47018 -1.4
-0.46993 -0.6
-0.46969 0.2
-0.46944 1.0
-0.4692 1.8
-0.46896 2.6
-0.46871 3.4
-0.46847 4.2
-0.46822 5.0
-0.46798 5.8
-0.46774 6.6
-0.46749 7.4
-0.46725 8.1
-0.467 8.9
-0.46676 9.6
-0.46651 10.3
-0.46627 11.0
-0.46603 11.7
-0.46578 12.4
-0.46554 13.1
-0.46529 13.7
-0.46505 14.4
-0.46481 15.0
-0.46456 15.5
-0.46432 16.1
-0.46407 16.7
-0.46383 17.2
-0.46358 17.7
-0.46334 18.1
-0.4631 18.6
-0.46285 19.0
-0.46261 19.4
-0.46236 19.8
-0.46212 20.1
-0.46188 20.4
-0.46163 20.7
-0.46139 21.0
-0.46114 21.2
-0.4609 21.4
-0.46066 21.6
-0.46041 21.7
-0.46017 21.8
-0.45992 21.9
-0.45968 22.0
-0.45943 22.0
-0.45919 22.0
-0.45895 21.9
-0.4587 21.9
-0.45846 21.8
-0.45821 21.6
-0.45797 21.5
-0.45773 21.3
-0.45748 21.1
-0.45724 20.8
-0.45699 20.5
-0.45675 20.2
-0.4565 19.9
-0.45626 19.5
-0.45602 19.1
-0.45577 18.7
-0.45553 18.3
-0.45528 17.8
-0.45504 17.3
-0.4548 16.8
-0.45455 16.2
-0.45431 15.7
-0.45406 15.1
-0.45382 14.5
-0.45358 13.8
-0.45333 13.2
-0.45309 12.5
-0.45284 11.8
-0.4526 11.1
-0.45235 10.4
-0.45211 9.7
-0.45187 8.9
-0.45162 8.1
-0.45138 7.4
-0.45113 6.6
-0.45089 5.8
-0.45065 5.0
-0.4504 4.2
-0.45016 3.4
-0.44991 2.5
-0.44967 1.7
-0.44942 0.9
-0.44918 0.0
-0.44894 -0.8
-0.44869 -1.6
-0.44845 -2.4
-0.4482 -3.2
-0.44796 -4.1
-0.44772 -4.9
-0.44747 -5.7
-0.44723 -6.5
-0.44698 -7.3
-0.44674 -8.1
-0.4465 -8.8
-0.44625 -9.6
-0.44601 -10.3
-0.44576 -11.1
-0.44552 -11.8
-0.44527 -12.5
-0.44503 -13.2
-0.44479 -13.8
-0.44454 -14.5
-0.4443 -15.1
-0.44405 -15.7
-0.44381 -16.3
-0.44357 -16.8
-0.44332 -17.4
-0.44308 -17.9
-0.44283 -18.4
-0.44259 -18.8
-0.44234 -19.2
-0.4421 -19.7
-0.44186 -20.0
-0.44161 -20.4
-0.44137 -20.7
-0.44112 -21.0
-0.44088 -21.2
-0.44064 -21.5
-0.44039 -21.7
-0.44015 -21.8
-0.4399 -22.0
-0.43966 -22.1
-0.43941 -22.2
-0.43917 -22.2
-0.43893 -22.2
-0.43868 -22.2
-0.43844 -22.1
-0.43819 -22.1
-0.43795 -21.9
-0.43771 -21.8
-0.43746 -21.6
-0.43722 -21.4
-0.43697 -21.2
-0.43673 -20.9
-0.43649 -20.6
-0.43624 -20.3
-0.436 -19.9
-0.43575 -19.5
-0.43551 -19.1
-0.43526 -18.7
-0.43502 -18.2
-0.43478 -17.7
-0.43453 -17.2
-0.43429 -16.6
-0.43404 -16.0
-0.4338 -15.4
-0.43356 -14.8
-0.43331 -14.2
-0.43307 -13.5
-0.43282 -12.8
-0.43258 -12.1
-0.43233 -11.4
-0.43209 -10.7
-0.43185 -9.9
-0.4316 -9.2
-0.43136 -8.4
-0.43111 -7.6
-0.43087 -6.8
-0.43063 -6.0
-0.43038 -5.2
-0.43014 -4.3
-0.42989 -3.5
-0.42965 -2.7
-0.42941 -1.8
-0.42916 -1.0
-0.42892 -0.1
-0.42867 0.7
-0.42843 1.6
-0.42818 2.4
-0.42794 3.3
-0.4277 4.1
-0.42745 5.0
-0.42721 5.8
-0.42696 6.6
-0.42672 7.4
-0.42648 8.2
-0.42623 9.0
-0.42599 9.8
-0.42574 10.6
-0.4255 11.3
-0.42525 12.0
-0.42501 12.8
-0.42477 13.4
-0.42452 14.1
-0.42428 14.8
-0.42403 15.4
-0.42379 16.0
-0.42355 16.6
-0.4233 17.2
-0.42306 17.7
-0.42281 18.2
-0.42257 18.7
-0.42233 19.2
-0.42208 19.6
-0.42184 20.0
-0.42159 20.4
-0.42135 20.7
-0.4211 21.1
-0.42086 21.3
-0.42062 21.6
-0.42037 21.8
-0.42013 22.0
-0.41988 22.2
-0.41964 22.3
-0.4194 22.4
-0.41915 22.4
-0.41891 22.5
-0.41866 22.4
-0.41842 22.4
-0.41817 22.3
-0.41793 22.2
-0.41769 22.1
-0.41744 21.9
-0.4172 21.7
-0.41695 21.5
-0.41671 21.2
-0.41647 20.9
-0.41622 20.6
-0.41598 20.2
-0.41573 19.8
-0.41549 19.4
-0.41525 18.9
-0.415 18.4
-0.41476 17.9
-0.41451 17.4
-0.41427 16.8
-0.41402 16.2
-0.41378 15.6
-0.41354 15.0
-0.41329 14.3
-0.41305 13.7
-0.4128 13.0
-0.41256 12.2
-0.41232 11.5
-0.41207 10.8
-0.41183 10.0
-0.41158 9.2
-0.41134 8.4
-0.41109 7.6
-0.41085 6.7
-0.41061 5.9
-0.41036 5.1
-0.41012 4.2
-0.40987 3.4
-0.40963 2.5
-0.40939 1.6
-0.40914 0.7
-0.4089 -0.1
-0.40865 -1.0
-0.40841 -1.9
-0.40816 -2.8
-0.40792 -3.6
-0.40768 -4.5
-0.40743 -5.3
-0.40719 -6.2
-0.40694 -7.0
-0.4067 -7.9
-0.40646 -8.7
-0.40621 -9.5
-0.40597 -10.3
-0.40572 -11.1
-0.40548 -11.8
-0.40524 -12.6
-0.40499 -13.3
-0.40475 -14.0
-0.4045 -14.7
-0.40426 -15.3
-0.40401 -16.0
-0.40377 -16.6
-0.40353 -17.2
-0.40328 -17.7
-0.40304 -18.3
-0.40279 -18.8
-0.40255 -19.3
-0.40231 -19.7
-0.40206 -20.1
-0.40182 -20.5
-0.40157 -20.9
-0.40133 -21.2
-0.40108 -21.5
-0.40084 -21.8
-0.4006 -22.0
-0.40035 -22.2
-0.40011 -22.4
-0.39986 -22.5
-0.39962 -22.6
-0.39938 -22.7
-0.39913 -22.7
-0.39889 -22.7
-0.39864 -22.7
-0.3984 -22.6
-0.39816 -22.5
-0.39791 -22.3
-0.39767 -22.1
-0.39742 -21.9
-0.39718 -21.7
-0.39693 -21.4
-0.39669 -21.1
-0.39645 -20.7
-0.3962 -20.4
-0.39596 -19.9
-0.39571 -19.5
-0.39547 -19.0
-0.39523 -18.5
-0.39498 -18.0
-0.39474 -17.5
-0.39449 -16.9
-0.39425 -16.3
-0.394 -15.6
-0.39376 -15.0
-0.39352 -14.3
-0.39327 -13.6
-0.39303 -12.8
-0.39278 -12.1
-0.39254 -11.3
-0.3923 -10.6
-0.39205 -9.7
-0.39181 -8.9
-0.39156 -8.1
-0.39132 -7.3
-0.39108 -6.4
-0.39083 -5.5
-0.39059 -4.7
-0.39034 -3.8
-0.3901 -2.9
-0.38985 -2.0
-0.38961 -1.1
-0.38937 -0.2
-0.38912 0.7
-0.38888 1.6
-0.38863 2.5
-0.38839 3.4
-0.38815 4.3
-0.3879 5.2
-0.38766 6.0
-0.38741 6.9
-0.38717 7.8
-0.38692 8.6
-0.38668 9.4
-0.38644 10.2
-0.38619 11.0
-0.38595 11.8
-0.3857 12.6
-0.38546 13.3
-0.38522 14.1
-0.38497 14.8
-0.38473 15.5
-0.38448 16.1
-0.38424 16.7
-0.384 17.4
-0.38375 17.9
-0.38351 18.5
-0.38326 19.0
-0.38302 19.5
-0.38277 20.0
-0.38253 20.4
-0.38229 20.8
-0.38204 21.2
-0.3818 21.5
-0.38155 21.8
-0.38131 22.1
-0.38107 22.3
-0.38082 22.5
-0.38058 22.7
-0.38033 22.8
-0.38009 22.9
-0.37984 22.9
-0.3796 23.0
-0.37936 22.9
-0.37911 22.9
-0.37887 22.8
-0.37862 22.7
-0.37838 22.5
-0.37814 22.3
-0.37789 22.1
-0.37765 21.8
-0.3774 21.5
-0.37716 21.2
-0.37691 20.8
-0.37667 20.4
-0.37643 19.9
-0.37618 19.5
-0.37594 19.0
-0.37569 18.4
-0.37545 17.9
-0.37521 17.3
-0.37496 16.7
-0.37472 16.0
-0.37447 15.4
-0.37423 14.7
-0.37399 13.9
-0.37374 13.2
-0.3735 12.4
-0.37325 11.7
-0.37301 10.9
-0.37276 10.0
-0.37252 9.2
-0.37228 8.3
-0.37203 7.5
-0.37179 6.6
-0.37154 5.7
-0.3713 4.8
-0.37106 3.9
-0.37081 3.0
-0.37057 2.1
-0.37032 1.2
-0.37008 0.2
-0.36983 -0.7
-0.36959 -1.6
-0.36935 -2.5
-0.3691 -3.5
-0.36886 -4.4
-0.36861 -5.3
-0.36837 -6.2
-0.36813 -7.1
-0.36788 -8.0
-0.36764 -8.8
-0.36739 -9.7
-0.36715 -10.5
-0.36691 -11.3
-0.36666 -12.1
-0.36642 -12.9
-0.36617 -13.7
-0.36593 -14.4
-0.36568 -15.2
-0.36544 -15.8
-0.3652 -16.5
-0.36495 -17.2
-0.36471 -17.8
-0.36446 -18.4
-0.36422 -18.9
-0.36398 -19.4
-0.36373 -19.9
-0.36349 -20.4
-0.36324 -20.8
-0.363 -21.2
-0.36275 -21.6
-0.36251 -21.9
-0.36227 -22.2
-0.36202 -22.5
-0.36178 -22.7
-0.36153 -22.9
-0.36129 -23.0
-0.36105 -23.1
-0.3608 -23.2
-0.36056 -23.2
-0.36031 -23.2
-0.36007 -23.2
-0.35983 -23.1
-0.35958 -23.0
-0.35934 -22.8
-0.35909 -22.6
-0.35885 -22.4
-0.3586 -22.1
-0.35836 -21.8
-0.35812 -21.5
-0.35787 -21.1
-0.35763 -20.7
-0.35738 -20.2
-0.35714 -19.7
-0.3569 -19.2
-0.35665 -18.7
-0.35641 -18.1
-0.35616 -17.5
-0.35592 -16.9
-0.35567 -16.2
-0.35543 -15.5
-0.35519 -14.8
-0.35494 -14.1
-0.3547 -13.3
-0.35445 -12.5
-0.35421 -11.7
-0.35397 -10.9
-0.35372 -10.0
-0.35348 -9.2
-0.35323 -8.3
-0.35299 -7.4
-0.35275 -6.5
-0.3525 -5.6
-0.35226 -4.6
-0.35201 -3.7
-0.35177 -2.7
-0.35152 -1.8
-0.35128 -0.8
-0.35104 0.1
-0.35079 1.1
-0.35055 2.0
-0.3503 3.0
-0.35006 3.9
-0.34982 4.9
-0.34957 5.8
-0.34933 6.7
-0.34908 7.6
-0.34884 8.5
-0.34859 9.4
-0.34835 10.3
-0.34811 11.1
-0.34786 12.0
-0.34762 12.8
-0.34737 13.6
-0.34713 14.3
-0.34689 15.1
-0.34664 15.8
-0.3464 16.5
-0.34615 17.2
-0.34591 17.8
-0.34566 18.4
-0.34542 19.0
-0.34518 19.6
-0.34493 20.1
-0.34469 20.6
-0.34444 21.0
-0.3442 21.4
-0.34396 21.8
-0.34371 22.2
-0.34347 22.5
-0.34322 22.7
-0.34298 23.0
-0.34274 23.1
-0.34249 23.3
-0.34225 23.4
-0.342 23.5
-0.34176 23.5
-0.34151 23.5
-0.34127 23.4
-0.34103 23.4
-0.34078 23.2
-0.34054 23.1
-0.34029 22.9
-0.34005 22.6
-0.33981 22.3
-0.33956 22.0
-0.33932 21.6
-0.33907 21.2
-0.33883 20.8
-0.33858 20.3
-0.33834 19.8
-0.3381 19.3
-0.33785 18.7
-0.33761 18.1
-0.33736 17.5
-0.33712 16.8
-0.33688 16.1
-0.33663 15.4
-0.33639 14.6
-0.33614 13.9
-0.3359 13.1
-0.33566 12.2
-0.33541 11.4
-0.33517 10.5
-0.33492 9.6
-0.33468 8.7
-0.33443 7.8
-0.33419 6.9
-0.33395 5.9
-0.3337 5.0
-0.33346 4.0
-0.33321 3.1
-0.33297 2.1
-0.33273 1.1
-0.33248 0.1
-0.33224 -0.9
-0.33199 -1.9
-0.33175 -2.8
-0.3315 -3.8
-0.33126 -4.8
-0.33102 -5.7
-0.33077 -6.7
-0.33053 -7.6
-0.33028 -8.6
-0.33004 -9.5
-0.3298 -10.4
-0.32955 -11.3
-0.32931 -12.1
-0.32906 -13.0
-0.32882 -13.8
-0.32858 -14.6
-0.32833 -15.3
-0.32809 -16.1
-0.32784 -16.8
-0.3276 -17.5
-0.32735 -18.2
-0.32711 -18.8
-0.32687 -19.4
-0.32662 -19.9
-0.32638 -20.5
-0.32613 -21.0
-0.32589 -21.4
-0.32565 -21.8
-0.3254 -22.2
-0.32516 -22.5
-0.32491 -22.8
-0.32467 -23.1
-0.32442 -23.3
-0.32418 -23.5
-0.32394 -23.6
-0.32369 -23.7
-0.32345 -23.8
-0.3232 -23.8
-0.32296 -23.8
-0.32272 -23.7
-0.32247 -23.6
-0.32223 -23.4
-0.32198 -23.2
-0.32174 -23.0
-0.3215 -22.7
-0.32125 -22.4
-0.32101 -22.0
-0.32076 -21.6
-0.32052 -21.2
-0.32027 -20.7
-0.32003 -20.2
-0.31979 -19.7
-0.31954 -19.1
-0.3193 -18.5
-0.31905 -17.8
-0.31881 -17.1
-0.31857 -16.4
-0.31832 -15.7
-0.31808 -14.9
-0.31783 -14.1
-0.31759 -13.3
-0.31734 -12.4
-0.3171 -11.6
-0.31686 -10.7
-0.31661 -9.8
-0.31637 -8.8
-0.31612 -7.9
-0.31588 -6.9
-0.31564 -5.9
-0.31539 -5.0
-0.31515 -4.0
-0.3149 -3.0
-0.31466 -2.0
-0.31441 -0.9
-0.31417 0.0
-0.31393 1.1
-0.31368 2.1
-0.31344 3.1
-0.31319 4.1
-0.31295 5.1
-0.31271 6.1
-0.31246 7.1
-0.31222 8.1
-0.31197 9.0
-0.31173 10.0
-0.31149 10.9
-0.31124 11.8
-0.311 12.7
-0.31075 13.5
-0.31051 14.4
-0.31026 15.2
-0.31002 15.9
-0.30978 16.7
-0.30953 17.4
-0.30929 18.1
-0.30904 18.8
-0.3088 19.4
-0.30856 20.0
-0.30831 20.5
-0.30807 21.1
-0.30782 21.5
-0.30758 22.0
-0.30733 22.4
-0.30709 22.8
-0.30685 23.1
-0.3066 23.3
-0.30636 23.6
-0.30611 23.8
-0.30587 23.9
-0.30563 24.0
-0.30538 24.1
-0.30514 24.1
-0.30489 24.1
-0.30465 24.0
-0.30441 23.9
-0.30416 23.7
-0.30392 23.5
-0.30367 23.3
-0.30343 23.0
-0.30318 22.7
-0.30294 22.3
-0.3027 21.9
-0.30245 21.4
-0.30221 20.9
-0.30196 20.4
-0.30172 19.8
-0.30148 19.2
-0.30123 18.6
-0.30099 17.9
-0.30074 17.2
-0.3005 16.4
-0.30025 15.6
-0.30001 14.8
-0.29977 14.0
-0.29952 13.1
-0.29928 12.2
-0.29903 11.3
-0.29879 10.4
-0.29855 9.5
-0.2983 8.5
-0.29806 7.5
-0.29781 6.5
-0.29757 5.5
-0.29733 4.5
-0.29708 3.4
-0.29684 2.4
-0.29659 1.3
-0.29635 0.3
-0.2961 -0.8
-0.29586 -1.8
-0.29562 -2.9
-0.29537 -3.9
-0.29513 -4.9
-0.29488 -6.0
-0.29464 -7.0
-0.2944 -8.0
-0.29415 -9.0
-0.29391 -9.9
-0.29366 -10.9
-0.29342 -11.8
-0.29317 -12.7
-0.29293 -13.6
-0.29269 -14.5
-0.29244 -15.3
-0.2922 -16.1
-0.29195 -16.9
-0.29171 -17.7
-0.29147 -18.4
-0.29122 -19.1
-0.29098 -19.7
-0.29073 -20.3
-0.29049 -20.9
-0.29025 -21.4
-0.29 -21.9
-0.28976 -22.4
-0.28951 -22.8
-0.28927 -23.1
-0.28902 -23.5
-0.28878 -23.7
-0.28854 -24.0
-0.28829 -24.1
-0.28805 -24.3
-0.2878 -24.4
-0.28756 -24.4
-0.28732 -24.4
-0.28707 -24.4
-0.28683 -24.3
-0.28658 -24.1
-0.28634 -24.0
-0.28609 -23.7
-0.28585 -23.5
-0.28561 -23.1
-0.28536 -22.8
-0.28512 -22.4
-0.28487 -21.9
-0.28463 -21.4
-0.28439 -20.9
-0.28414 -20.3
-0.2839 -19.7
-0.28365 -19.0
-0.28341 -18.3
-0.28316 -17.6
-0.28292 -16.8
-0.28268 -16.0
-0.28243 -15.2
-0.28219 -14.3
-0.28194 -13.4
-0.2817 -12.5
-0.28146 -11.6
-0.28121 -10.6
-0.28097 -9.7
-0.28072 -8.6
-0.28048 -7.6
-0.28024 -6.6
-0.27999 -5.5
-0.27975 -4.5
-0.2795 -3.4
-0.27926 -2.3
-0.27901 -1.3
-0.27877 -0.2
-0.27853 0.9
-0.27828 2.0
-0.27804 3.1
-0.27779 4.2
-0.27755 5.2
-0.27731 6.3
-0.27706 7.3
-0.27682 8.4
-0.27657 9.4
-0.27633 10.4
-0.27608 11.4
-0.27584 12.3
-0.2756 13.3
-0.27535 14.2
-0.27511 15.1
-0.27486 15.9
-0.27462 16.7
-0.27438 17.5
-0.27413 18.3
-0.27389 19.0
-0.27364 19.7
-0.2734 20.4
-0.27316 21.0
-0.27291 21.5
-0.27267 22.0
-0.27242 22.5
-0.27218 23.0
-0.27193 23.4
-0.27169 23.7
-0.27145 24.0
-0.2712 24.2
-0.27096 24.5
-0.27071 24.6
-0.27047 24.7
-0.27023 24.8
-0.26998 24.8
-0.26974 24.7
-0.26949 24.6
-0.26925 24.5
-0.269 24.3
-0.26876 24.1
-0.26852 23.8
-0.26827 23.4
-0.26803 23.1
-0.26778 22.6
-0.26754 22.2
-0.2673 21.6
-0.26705 21.1
-0.26681 20.5
-0.26656 19.8
-0.26632 19.1
-0.26608 18.4
-0.26583 17.6
-0.26559 16.8
-0.26534 16.0
-0.2651 15.1
-0.26485 14.2
-0.26461 13.3
-0.26437 12.4
-0.26412 11.4
-0.26388 10.4
-0.26363 9.3
-0.26339 8.3
-0.26315 7.2
-0.2629 6.1
-0.26266 5.1
-0.26241 4.0
-0.26217 2.8
-0.26192 1.7
-0.26168 0.6
-0.26144 -0.5
-0.26119 -1.7
-0.26095 -2.8
-0.2607 -3.9
-0.26046 -5.0
-0.26022 -6.1
-0.25997 -7.2
-0.25973 -8.3
-0.25948 -9.3
-0.25924 -10.4
-0.259 -11.4
-0.25875 -12.4
-0.25851 -13.4
-0.25826 -14.3
-0.25802 -15.2
-0.25777 -16.1
-0.25753 -17.0
-0.25729 -17.8
-0.25704 -18.6
-0.2568 -19.3
-0.25655 -20.0
-0.25631 -20.7
-0.25607 -21.3
-0.25582 -21.9
-0.25558 -22.5
-0.25533 -22.9
-0.25509 -23.4
-0.25484 -23.8
-0.2546 -24.1
-0.25436 -24.4
-0.25411 -24.7
-0.25387 -24.9
-0.25362 -25.0
-0.25338 -25.1
-0.25314 -25.1
-0.25289 -25.1
-0.25265 -25.1
-0.2524 -24.9
-0.25216 -24.8
-0.25191 -24.5
-0.25167 -24.3
-0.25143 -24.0
-0.25118 -23.6
-0.25094 -23.2
-0.25069 -22.7
-0.25045 -22.2
-0.25021 -21.6
-0.24996 -21.0
-0.24972 -20.3
-0.24947 -19.6
-0.24923 -18.9
-0.24899 -18.1
-0.24874 -17.3
-0.2485 -16.4
-0.24825 -15.5
-0.24801 -14.6
-0.24776 -13.6
-0.24752 -12.6
-0.24728 -11.6
-0.24703 -10.6
-0.24679 -9.5
-0.24654 -8.4
-0.2463 -7.3
-0.24606 -6.2
-0.24581 -5.1
-0.24557 -3.9
-0.24532 -2.8
-0.24508 -1.6
-0.24483 -0.4
-0.24459 0.7
-0.24435 1.9
-0.2441 3.1
-0.24386 4.2
-0.24361 5.4
-0.24337 6.5
-0.24313 7.7
-0.24288 8.8
-0.24264 9.9
-0.24239 10.9
-0.24215 12.0
-0.24191 13.0
-0.24166 14.0
-0.24142 15.0
-0.24117 15.9
-0.24093 16.8
-0.24068 17.7
-0.24044 18.5
-0.2402 19.3
-0.23995 20.1
-0.23971 20.8
-0.23946 21.5
-0.23922 22.1
-0.23898 22.6
-0.23873 23.2
-0.23849 23.6
-0.23824 24.1
-0.238 24.4
-0.23775 24.7
-0.23751 25.0
-0.23727 25.2
-0.23702 25.4
-0.23678 25.5
-0.23653 25.5
-0.23629 25.5
-0.23605 25.4
-0.2358 25.3
-0.23556 25.1
-0.23531 24.9
-0.23507 24.6
-0.23483 24.3
-0.23458 23.9
-0.23434 23.4
-0.23409 22.9
-0.23385 22.4
-0.2336 21.8
-0.23336 21.1
-0.23312 20.4
-0.23287 19.7
-0.23263 18.9
-0.23238 18.1
-0.23214 17.2
-0.2319 16.3
-0.23165 15.4
-0.23141 14.4
-0.23116 13.4
-0.23092 12.3
-0.23067 11.3
-0.23043 10.2
-0.23019 9.1
-0.22994 7.9
-0.2297 6.8
-0.22945 5.6
-0.22921 4.4
-0.22897 3.2
-0.22872 2.0
-0.22848 0.8
-0.22823 -0.4
-0.22799 -1.7
-0.22775 -2.9
-0.2275 -4.1
-0.22726 -5.3
-0.22701 -6.5
-0.22677 -7.6
-0.22652 -8.8
-0.22628 -9.9
-0.22604 -11.1
-0.22579 -12.2
-0.22555 -13.2
-0.2253 -14.3
-0.22506 -15.3
-0.22482 -16.2
-0.22457 -17.2
-0.22433 -18.1
-0.22408 -18.9
-0.22384 -19.8
-0.22359 -20.5
-0.22335 -21.3
-0.22311 -22.0
-0.22286 -22.6
-0.22262 -23.2
-0.22237 -23.7
-0.22213 -24.2
-0.22189 -24.6
-0.22164 -25.0
-0.2214 -25.3
-0.22115 -25.5
-0.22091 -25.7
-0.22066 -25.8
-0.22042 -25.9
-0.22018 -25.9
-0.21993 -25.9
-0.21969 -25.8
-0.21944 -25.6
-0.2192 -25.4
-0.21896 -25.1
-0.21871 -24.8
-0.21847 -24.4
-0.21822 -23.9
-0.21798 -23.4
-0.21774 -22.9
-0.21749 -22.3
-0.21725 -21.6
-0.217 -20.9
-0.21676 -20.1
-0.21651 -19.3
-0.21627 -18.4
-0.21603 -17.5
-0.21578 -16.6
-0.21554 -15.6
-0.21529 -14.6
-0.21505 -13.5
-0.21481 -12.5
-0.21456 -11.3
-0.21432 -10.2
-0.21407 -9.0
-0.21383 -7.8
-0.21358 -6.6
-0.21334 -5.4
-0.2131 -4.2
-0.21285 -2.9
-0.21261 -1.6
-0.21236 -0.4
-0.21212 0.9
-0.21188 2.2
-0.21163 3.4
-0.21139 4.7
-0.21114 5.9
-0.2109 7.1
-0.21066 8.4
-0.21041 9.6
-0.21017 10.7
-0.20992 11.9
-0.20968 13.0
-0.20943 14.1
-0.20919 15.2
-0.20895 16.2
-0.2087 17.2
-0.20846 18.1
-0.20821 19.1
-0.20797 19.9
-0.20773 20.7
-0.20748 21.5
-0.20724 22.2
-0.20699 22.9
-0.20675 23.5
-0.2065 24.1
-0.20626 24.6
-0.20602 25.0
-0.20577 25.4
-0.20553 25.7
-0.20528 26.0
-0.20504 26.2
-0.2048 26.3
-0.20455 26.4
-0.20431 26.4
-0.20406 26.3
-0.20382 26.2
-0.20358 26.0
-0.20333 25.8
-0.20309 25.5
-0.20284 25.1
-0.2026 24.7
-0.20235 24.2
-0.20211 23.6
-0.20187 23.0
-0.20162 22.3
-0.20138 21.6
-0.20113 20.9
-0.20089 20.0
-0.20065 19.2
-0.2004 18.2
-0.20016 17.3
-0.19991 16.3
-0.19967 15.2
-0.19942 14.1
-0.19918 13.0
-0.19894 11.8
-0.19869 10.7
-0.19845 9.4
-0.1982 8.2
-0.19796 6.9
-0.19772 5.7
-0.19747 4.4
-0.19723 3.1
-0.19698 1.8
-0.19674 0.4
-0.1965 -0.9
-0.19625 -2.2
-0.19601 -3.5
-0.19576 -4.8
-0.19552 -6.1
-0.19527 -7.4
-0.19503 -8.7
-0.19479 -9.9
-0.19454 -11.2
-0.1943 -12.4
-0.19405 -13.5
-0.19381 -14.7
-0.19357 -15.8
-0.19332 -16.8
-0.19308 -17.8
-0.19283 -18.8
-0.19259 -19.8
-0.19234 -20.6
-0.1921 -21.5
-0.19186 -22.2
-0.19161 -23.0
-0.19137 -23.6
-0.19112 -24.2
-0.19088 -24.8
-0.19064 -25.3
-0.19039 -25.7
-0.19015 -26.1
-0.1899 -26.3
-0.18966 -26.6
-0.18941 -26.7
-0.18917 -26.8
-0.18893 -26.8
-0.18868 -26.8
-0.18844 -26.7
-0.18819 -26.5
-0.18795 -26.2
-0.18771 -25.9
-0.18746 -25.5
-0.18722 -25.1
-0.18697 -24.6
-0.18673 -24.0
-0.18649 -23.4
-0.18624 -22.7
-0.186 -21.9
-0.18575 -21.1
-0.18551 -20.2
-0.18526 -19.3
-0.18502 -18.3
-0.18478 -17.3
-0.18453 -16.2
-0.18429 -15.1
-0.18404 -14.0
-0.1838 -12.8
-0.18356 -11.6
-0.18331 -10.3
-0.18307 -9.0
-0.18282 -7.7
-0.18258 -6.4
-0.18233 -5.0
-0.18209 -3.7
-0.18185 -2.3
-0.1816 -0.9
-0.18136 0.4
-0.18111 1.8
-0.18087 3.2
-0.18063 4.6
-0.18038 5.9
-0.18014 7.3
-0.17989 8.6
-0.17965 9.9
-0.17941 11.2
-0.17916 12.5
-0.17892 13.7
-0.17867 14.9
-0.17843 16.0
-0.17818 17.2
-0.17794 18.2
-0.1777 19.2
-0.17745 20.2
-0.17721 21.1
-0.17696 22.0
-0.17672 22.8
-0.17648 23.5
-0.17623 24.2
-0.17599 24.9
-0.17574 25.4
-0.1755 25.9
-0.17525 26.3
-0.17501 26.7
-0.17477 26.9
-0.17452 27.1
-0.17428 27.3
-0.17403 27.3
-0.17379 27.3
-0.17355 27.2
-0.1733 27.1
-0.17306 26.8
-0.17281 26.5
-0.17257 26.2
-0.17233 25.7
-0.17208 25.2
-0.17184 24.6
-0.17159 24.0
-0.17135 23.2
-0.1711 22.5
-0.17086 21.6
-0.17062 20.7
-0.17037 19.7
-0.17013 18.7
-0.16988 17.6
-0.16964 16.5
-0.1694 15.4
-0.16915 14.2
-0.16891 12.9
-0.16866 11.6
-0.16842 10.3
-0.16817 9.0
-0.16793 7.6
-0.16769 6.2
-0.16744 4.8
-0.1672 3.3
-0.16695 1.9
-0.16671 0.4
-0.16647 -1.0
-0.16622 -2.5
-0.16598 -3.9
-0.16573 -5.3
-0.16549 -6.8
-0.16525 -8.2
-0.165 -9.6
-0.16476 -10.9
-0.16451 -12.3
-0.16427 -13.6
-0.16402 -14.8
-0.16378 -16.0
-0.16354 -17.2
-0.16329 -18.3
-0.16305 -19.4
-0.1628 -20.5
-0.16256 -21.4
-0.16232 -22.3
-0.16207 -23.2
-0.16183 -24.0
-0.16158 -24.7
-0.16134 -25.4
-0.16109 -25.9
-0.16085 -26.4
-0.16061 -26.9
-0.16036 -27.2
-0.16012 -27.5
-0.15987 -27.7
-0.15963 -27.8
-0.15939 -27.9
-0.15914 -27.9
-0.1589 -27.7
-0.15865 -27.5
-0.15841 -27.3
-0.15816 -26.9
-0.15792 -26.5
-0.15768 -26.0
-0.15743 -25.4
-0.15719 -24.8
-0.15694 -24.0
-0.1567 -23.2
-0.15646 -22.4
-0.15621 -21.4
-0.15597 -20.5
-0.15572 -19.4
-0.15548 -18.3
-0.15524 -17.1
-0.15499 -15.9
-0.15475 -14.7
-0.1545 -13.3
-0.15426 -12.0
-0.15401 -10.6
-0.15377 -9.2
-0.15353 -7.7
-0.15328 -6.3
-0.15304 -4.8
-0.15279 -3.3
-0.15255 -1.8
-0.15231 -0.2
-0.15206 1.3
-0.15182 2.8
-0.15157 4.3
-0.15133 5.8
-0.15108 7.3
-0.15084 8.8
-0.1506 10.3
-0.15035 11.7
-0.15011 13.1
-0.14986 14.4
-0.14962 15.7
-0.14938 17.0
-0.14913 18.2
-0.14889 19.4
-0.14864 20.5
-0.1484 21.5
-0.14816 22.5
-0.14791 23.4
-0.14767 24.3
-0.14742 25.1
-0.14718 25.8
-0.14693 26.4
-0.14669 26.9
-0.14645 27.4
-0.1462 27.8
-0.14596 28.1
-0.14571 28.3
-0.14547 28.4
-0.14523 28.5
-0.14498 28.4
-0.14474 28.3
-0.14449 28.1
-0.14425 27.8
-0.144 27.4
-0.14376 26.9
-0.14352 26.4
-0.14327 25.8
-0.14303 25.0
-0.14278 24.3
-0.14254 23.4
-0.1423 22.4
-0.14205 21.4
-0.14181 20.4
-0.14156 19.2
-0.14132 18.0
-0.14108 16.8
-0.14083 15.4
-0.14059 14.1
-0.14034 12.7
-0.1401 11.2
-0.13985 9.7
-0.13961 8.2
-0.13937 6.7
-0.13912 5.1
-0.13888 3.5
-0.13863 1.9
-0.13839 0.3
-0.13815 -1.3
-0.1379 -2.9
-0.13766 -4.5
-0.13741 -6.1
-0.13717 -7.7
-0.13692 -9.3
-0.13668 -10.8
-0.13644 -12.3
-0.13619 -13.7
-0.13595 -15.1
-0.1357 -16.5
-0.13546 -17.8
-0.13522 -19.1
-0.13497 -20.3
-0.13473 -21.4
-0.13448 -22.5
-0.13424 -23.5
-0.134 -24.5
-0.13375 -25.3
-0.13351 -26.1
-0.13326 -26.8
-0.13302 -27.4
-0.13277 -27.9
-0.13253 -28.3
-0.13229 -28.7
-0.13204 -28.9
-0.1318 -29.1
-0.13155 -29.1
-0.13131 -29.1
-0.13107 -29.0
-0.13082 -28.7
-0.13058 -28.4
-0.13033 -28.0
-0.13009 -27.5
-0.12984 -26.9
-0.1296 -26.2
-0.12936 -25.4
-0.12911 -24.6
-0.12887 -23.7
-0.12862 -22.6
-0.12838 -21.5
-0.12814 -20.4
-0.12789 -19.1
-0.12765 -17.8
-0.1274 -16.5
-0.12716 -15.1
-0.12691 -13.6
-0.12667 -12.1
-0.12643 -10.5
-0.12618 -8.9
-0.12594 -7.3
-0.12569 -5.6
-0.12545 -4.0
-0.12521 -2.3
-0.12496 -0.6
-0.12472 1.1
-0.12447 2.9
-0.12423 4.6
-0.12399 6.2
-0.12374 7.9
-0.1235 9.6
-0.12325 11.2
-0.12301 12.8
-0.12276 14.3
-0.12252 15.8
-0.12228 17.2
-0.12203 18.6
-0.12179 19.9
-0.12154 21.2
-0.1213 22.4
-0.12106 23.5
-0.12081 24.5
-0.12057 25.5
-0.12032 26.3
-0.12008 27.1
-0.11983 27.8
-0.11959 28.4
-0.11935 28.9
-0.1191 29.3
-0.11886 29.6
-0.11861 29.7
-0.11837 29.8
-0.11813 29.8
-0.11788 29.7
-0.11764 29.4
-0.11739 29.1
-0.11715 28.7
-0.11691 28.1
-0.11666 27.5
-0.11642 26.8
-0.11617 25.9
-0.11593 25.0
-0.11568 24.0
-0.11544 22.9
-0.1152 21.7
-0.11495 20.5
-0.11471 19.1
-0.11446 17.7
-0.11422 16.3
-0.11398 14.7
-0.11373 13.1
-0.11349 11.5
-0.11324 9.8
-0.113 8.1
-0.11275 6.3
-0.11251 4.6
-0.11227 2.8
-0.11202 0.9
-0.11178 -0.9
-0.11153 -2.7
-0.11129 -4.5
-0.11105 -6.3
-0.1108 -8.1
-0.11056 -9.8
-0.11031 -11.5
-0.11007 -13.2
-0.10983 -14.9
-0.10958 -16.4
-0.10934 -18.0
-0.10909 -19.4
-0.10885 -20.8
-0.1086 -22.1
-0.10836 -23.4
-0.10812 -24.5
-0.10787 -25.6
-0.10763 -26.6
-0.10738 -27.4
-0.10714 -28.2
-0.1069 -28.9
-0.10665 -29.4
-0.10641 -29.9
-0.10616 -30.2
-0.10592 -30.5
-0.10567 -30.6
-0.10543 -30.6
-0.10519 -30.5
-0.10494 -30.2
-0.1047 -29.9
-0.10445 -29.4
-0.10421 -28.9
-0.10397 -28.2
-0.10372 -27.4
-0.10348 -26.5
-0.10323 -25.5
-0.10299 -24.4
-0.10275 -23.2
-0.1025 -21.9
-0.10226 -20.5
-0.10201 -19.1
-0.10177 -17.6
-0.10152 -16.0
-0.10128 -14.3
-0.10104 -12.6
-0.10079 -10.8
-0.10055 -9.0
-0.1003 -7.1
-0.10006 -5.2
-0.09982 -3.3
-0.09957 -1.3
-0.09933 0.6
-0.09908 2.5
-0.09884 4.5
-0.09859 6.4
-0.09835 8.3
-0.09811 10.2
-0.09786 12.0
-0.09762 13.8
-0.09737 15.6
-0.09713 17.2
-0.09689 18.9
-0.09664 20.4
-0.0964 21.9
-0.09615 23.3
-0.09591 24.5
-0.09566 25.7
-0.09542 26.8
-0.09518 27.8
-0.09493 28.7
-0.09469 29.5
-0.09444 30.1
-0.0942 30.6
-0.09396 31.0
-0.09371 31.3
-0.09347 31.5
-0.09322 31.5
-0.09298 31.4
-0.09274 31.1
-0.09249 30.8
-0.09225 30.3
-0.092 29.6
-0.09176 28.9
-0.09151 28.0
-0.09127 27.0
-0.09103 25.9
-0.09078 24.7
-0.09054 23.4
-0.09029 22.0
-0.09005 20.5
-0.08981 18.9
-0.08956 17.2
-0.08932 15.4
-0.08907 13.6
-0.08883 11.7
-0.08858 9.7
-0.08834 7.7
-0.0881 5.7
-0.08785 3.7
-0.08761 1.6
-0.08736 -0.5
-0.08712 -2.6
-0.08688 -4.7
-0.08663 -6.8
-0.08639 -8.8
-0.08614 -10.8
-0.0859 -12.8
-0.08566 -14.7
-0.08541 -16.6
-0.08517 -18.4
-0.08492 -20.1
-0.08468 -21.7
-0.08443 -23.2
-0.08419 -24.7
-0.08395 -26.0
-0.0837 -27.3
-0.08346 -28.4
-0.08321 -29.3
-0.08297 -30.2
-0.08273 -30.9
-0.08248 -31.5
-0.08224 -32.0
-0.08199 -32.3
-0.08175 -32.4
-0.0815 -32.5
-0.08126 -32.3
-0.08102 -32.0
-0.08077 -31.6
-0.08053 -31.1
-0.08028 -30.4
-0.08004 -29.5
-0.0798 -28.5
-0.07955 -27.4
-0.07931 -26.2
-0.07906 -24.8
-0.07882 -23.3
-0.07858 -21.7
-0.07833 -20.0
-0.07809 -18.2
-0.07784 -16.3
-0.0776 -14.4
-0.07735 -12.3
-0.07711 -10.2
-0.07687 -8.1
-0.07662 -5.9
-0.07638 -3.6
-0.07613 -1.4
-0.07589 0.9
-0.07565 3.1
-0.0754 5.4
-0.07516 7.6
-0.07491 9.8
-0.07467 12.0
-0.07442 14.1
-0.07418 16.2
-0.07394 18.2
-0.07369 20.1
-0.07345 21.9
-0.0732 23.6
-0.07296 25.2
-0.07272 26.7
-0.07247 28.0
-0.07223 29.2
-0.07198 30.3
-0.07174 31.2
-0.0715 32.0
-0.07125 32.7
-0.07101 33.1
-0.07076 33.4
-0.07052 33.6
-0.07027 33.5
-0.07003 33.4
-0.06979 33.0
-0.06954 32.5
-0.0693 31.8
-0.06905 30.9
-0.06881 29.9
-0.06857 28.7
-0.06832 27.4
-0.06808 26.0
-0.06783 24.4
-0.06759 22.6
-0.06734 20.8
-0.0671 18.8
-0.06686 16.8
-0.06661 14.6
-0.06637 12.4
-0.06612 10.1
-0.06588 7.7
-0.06564 5.3
-0.06539 2.9
-0.06515 0.4
-0.0649 -2.1
-0.06466 -4.6
-0.06441 -7.0
-0.06417 -9.5
-0.06393 -11.8
-0.06368 -14.2
-0.06344 -16.4
-0.06319 -18.6
-0.06295 -20.7
-0.06271 -22.7
-0.06246 -24.6
-0.06222 -26.3
-0.06197 -27.9
-0.06173 -29.4
-0.06149 -30.7
-0.06124 -31.8
-0.061 -32.8
-0.06075 -33.6
-0.06051 -34.2
-0.06026 -34.6
-0.06002 -34.8
-0.05978 -34.9
-0.05953 -34.7
-0.05929 -34.4
-0.05904 -33.8
-0.0588 -33.1
-0.05856 -32.1
-0.05831 -31.0
-0.05807 -29.7
-0.05782 -28.3
-0.05758 -26.6
-0.05733 -24.9
-0.05709 -22.9
-0.05685 -20.8
-0.0566 -18.6
-0.05636 -16.3
-0.05611 -13.9
-0.05587 -11.4
-0.05563 -8.8
-0.05538 -6.1
-0.05514 -3.4
-0.05489 -0.7
-0.05465 2.0
-0.05441 4.8
-0.05416 7.5
-0.05392 10.2
-0.05367 12.8
-0.05343 15.4
-0.05318 17.9
-0.05294 20.3
-0.0527 22.5
-0.05245 24.7
-0.05221 26.7
-0.05196 28.5
-0.05172 30.2
-0.05148 31.7
-0.05123 33.0
-0.05099 34.1
-0.05074 35.0
-0.0505 35.7
-0.05025 36.1
-0.05001 36.4
-0.04977 36.4
-0.04952 36.1
-0.04928 35.7
-0.04903 35.0
-0.04879 34.1
-0.04855 32.9
-0.0483 31.6
-0.04806 30.0
-0.04781 28.3
-0.04757 26.3
-0.04733 24.2
-0.04708 21.9
-0.04684 19.4
-0.04659 16.8
-0.04635 14.1
-0.0461 11.2
-0.04586 8.3
-0.04562 5.3
-0.04537 2.3
-0.04513 -0.8
-0.04488 -3.8
-0.04464 -6.9
-0.0444 -9.9
-0.04415 -12.9
-0.04391 -15.8
-0.04366 -18.6
-0.04342 -21.3
-0.04317 -23.8
-0.04293 -26.2
-0.04269 -28.4
-0.04244 -30.5
-0.0422 -32.3
-0.04195 -33.9
-0.04171 -35.3
-0.04147 -36.4
-0.04122 -37.2
-0.04098 -37.8
-0.04073 -38.2
-0.04049 -38.2
-0.04025 -38.0
-0.04 -37.4
-0.03976 -36.7
-0.03951 -35.6
-0.03927 -34.2
-0.03902 -32.6
-0.03878 -30.8
-0.03854 -28.7
-0.03829 -26.3
-0.03805 -23.8
-0.0378 -21.0
-0.03756 -18.1
-0.03732 -15.0
-0.03707 -11.8
-0.03683 -8.5
-0.03658 -5.1
-0.03634 -1.6
-0.03609 1.9
-0.03585 5.4
-0.03561 8.9
-0.03536 12.3
-0.03512 15.7
-0.03487 18.9
-0.03463 22.0
-0.03439 25.0
-0.03414 27.7
-0.0339 30.3
-0.03365 32.6
-0.03341 34.6
-0.03316 36.4
-0.03292 37.8
-0.03268 39.0
-0.03243 39.8
-0.03219 40.3
-0.03194 40.5
-0.0317 40.2
-0.03146 39.7
-0.03121 38.8
-0.03097 37.5
-0.03072 35.9
-0.03048 34.0
-0.03024 31.7
-0.02999 29.1
-0.02975 26.3
-0.0295 23.2
-0.02926 19.8
-0.02901 16.3
-0.02877 12.6
-0.02853 8.7
-0.02828 4.7
-0.02804 0.6
-0.02779 -3.5
-0.02755 -7.5
-0.02731 -11.6
-0.02706 -15.6
-0.02682 -19.4
-0.02657 -23.1
-0.02633 -26.6
-0.02608 -29.8
-0.02584 -32.8
-0.0256 -35.4
-0.02535 -37.7
-0.02511 -39.7
-0.02486 -41.2
-0.02462 -42.4
-0.02438 -43.0
-0.02413 -43.3
-0.02389 -43.1
-0.02364 -42.4
-0.0234 -41.2
-0.02316 -39.6
-0.02291 -37.5
-0.02267 -35.0
-0.02242 -32.1
-0.02218 -28.8
-0.02193 -25.1
-0.02169 -21.1
-0.02145 -16.9
-0.0212 -12.4
-0.02096 -7.7
-0.02071 -2.8
-0.02047 2.1
-0.02023 7.1
-0.01998 12.0
-0.01974 16.8
-0.01949 21.4
-0.01925 25.9
-0.019 30.0
-0.01876 33.9
-0.01852 37.3
-0.01827 40.3
-0.01803 42.8
-0.01778 44.7
-0.01754 46.1
-0.0173 46.8
-0.01705 47.0
-0.01681 46.4
-0.01656 45.3
-0.01632 43.4
-0.01608 40.9
-0.01583 37.8
-0.01559 34.2
-0.01534 29.9
-0.0151 25.2
-0.01485 20.0
-0.01461 14.4
-0.01437 8.5
-0.01412 2.4
-0.01388 -3.8
-0.01363 -10.0
-0.01339 -16.2
-0.01315 -22.2
-0.0129 -27.9
-0.01266 -33.3
-0.01241 -38.1
-0.01217 -42.4
-0.01192 -45.9
-0.01168 -48.8
-0.01144 -50.7
-0.01119 -51.8
-0.01095 -51.9
-0.0107 -51.0
-0.01046 -49.1
-0.01022 -46.2
-0.00997 -42.3
-0.00973 -37.4
-0.00948 -31.7
-0.00924 -25.2
-0.009 -18.0
-0.00875 -10.3
-0.00851 -2.2
-0.00826 6.1
-0.00802 14.5
-0.00777 22.7
-0.00753 30.6
-0.00729 37.9
-0.00704 44.4
-0.0068 49.9
-0.00655 54.2
-0.00631 57.2
-0.00607 58.6
-0.00582 58.4
-0.00558 56.4
-0.00533 52.7
-0.00509 47.3
-0.00484 40.2
-0.0046 31.6
-0.00436 21.6
-0.00411 10.6
-0.00387 -1.2
-0.00362 -13.3
-0.00338 -25.4
-0.00314 -36.8
-0.00289 -47.2
-0.00265 -55.9
-0.0024 -62.5
-0.00216 -66.4
-0.00191 -67.2
-0.00167 -64.7
-0.00143 -58.6
-0.00118 -48.9
-0.00094 -35.8
-0.00069 -19.9
-0.00045 -1.9
-0.00021 17.0
4e-05 35.4
0.00028 51.3
0.00053 63.1
0.00077 69.2
0.00101 68.5
0.00126 60.7
0.0015 46.2
0.00175 26.7
0.00199 4.5
0.00224 -17.6
0.00248 -36.5
0.00272 -49.7
0.00297 -55.4
0.00321 -53.1
0.00346 -43.4
0.0037 -28.3
0.00394 -10.2
0.00419 7.7
0.00443 22.7
0.00468 32.7
0.00492 36.6
0.00517 34.2
0.00541 26.7
0.00565 15.7
0.0059 3.4
0.00614 -7.9
0.00639 -16.6
0.00663 -21.4
0.00687 -22.0
0.00712 -18.8
0.00736 -12.8
0.00761 -5.4
0.00785 2.0
0.00809 8.1
0.00834 12.0
0.00858 13.3
0.00883 12.1
0.00907 9.0
0.00932 4.6
0.00956 0.0
0.0098 -4.0
0.01005 -6.8
0.01029 -8.0
0.01054 -7.6
0.01078 -6.0
0.01102 -3.5
0.01127 -0.7
0.01151 1.9
0.01176 3.8
0.012 4.8
0.01225 4.8
0.01249 3.9
0.01273 2.5
0.01298 0.8
0.01322 -0.8
0.01347 -2.1
0.01371 -2.8
0.01395 -3.0
0.0142 -2.5
0.01444 -1.7
0.01469 -0.7
0.01493 0.3
0.01517 1.1
0.01542 1.7
0.01566 1.8
0.01591 1.6
0.01615 1.2
0.0164 0.6
0.01664 0.0
0.01688 -0.6
0.01713 -1.0
0.01737 -1.1
0.01762 -1.0
0.01786 -0.8
0.0181 -0.4
0.01835 0.0
0.01859 0.3
0.01884 0.6
0.01908 0.7
0.01933 0.7
0.01957 0.5
0.01981 0.3
0.02006 0.0
0.0203 -0.1
0.02055 -0.3
0.02079 -0.4
0.02103 -0.4
0.02128 -0.3
0.02152 -0.2
0.02177 0.0
0.02201 0.0
0.02225 0.2
0.0225 0.2
0.02274 0.3
0.02299 0.2
0.02323 0.2
0.02348 0.0
0.02372 0.0
0.02396 0.0
0.02421 -0.1
0.02445 -0.2
0.0247 -0.1
0.02494 -0.1
0.02518 0.0
0.02543 0.0
0.02567 0.0
0.02592 0.0
0.02616 0.0
0.02641 0.0
0.02665 0.0
0.02689 0.0
0.02714 0.0
0.02738 0.0
0.02763 0.0
0.02787 0.0
0.02811 0.0
0.02836 0.0
0.0286 0.0
0.02885 0.0
0.02909 0.0
0.02934 0.0
0.02958 0.0
0.02982 0.0
0.03007 0.0
0.03031 0.0
0.03056 0.0
0.0308 0.0
0.03104 0.0
0.03129 0.0
0.03153 0.0
0.03178 0.0
0.03202 0.0
0.03226 0.0
0.03251 0.0
0.03275 0.0
0.033 0.0
0.03324 0.0
0.03349 0.0
0.03373 0.0
0.03397 0.0
0.03422 0.0
0.03446 0.0
0.03471 0.0
0.03495 0.0
0.03519 0.0
0.03544 0.0
0.03568 0.0
0.03593 0.0
0.03617 0.0
0.03642 0.0
0.03666 0.0
0.0369 0.0
0.03715 0.0
0.03739 0.0
0.03764 0.0
0.03788 0.0
0.03812 0.0
0.03837 0.0
0.03861 0.0
0.03886 0.0
0.0391 0.0
0.03934 0.0
0.03959 0.0
0.03983 0.0
0.04008 0.0
0.04032 0.0
0.04057 0.0
0.04081 0.0
0.04105 0.0
0.0413 0.0
0.04154 0.0
0.04179 0.0
0.04203 0.0
0.04227 0.0
0.04252 0.0
0.04276 0.0
0.04301 0.0
0.04325 0.0
0.0435 0.0
0.04374 0.0
0.04398 0.0
0.04423 0.0
0.04447 0.0
0.04472 0.0
0.04496 0.0
0.0452 0.0
0.04545 0.0
0.04569 0.0
0.04594 0.0
0.04618 0.0
0.04642 0.0
0.04667 0.0
0.04691 0.0
0.04716 0.0
0.0474 0.0
0.04765 0.0
0.04789 0.0
0.04813 0.0
0.04838 0.0
0.04862 0.0
0.04887 0.0
0.04911 0.0
0.04935 0.0
0.0496 0.0
0.04984 0.0
0.05009 0.0
0.05033 0.0
0.05058 0.0
0.05082 0.0
0.05106 0.0
0.05131 0.0
0.05155 0.0
0.0518 0.0
0.05204 0.0
0.05228 0.0
0.05253 0.0
0.05277 0.0
0.05302 0.0
0.05326 0.0
0.0535 0.0
0.05375 0.0
0.05399 0.0
0.05424 0.0
0.05448 0.0
0.05473 0.0
0.05497 0.0
0.05521 0.0
0.05546 0.0
0.0557 0.0
0.05595 0.0
0.05619 0.0
0.05643 0.0
0.05668 0.0
0.05692 0.0
0.05717 0.0
0.05741 0.0
0.05766 0.0
0.0579 0.0
0.05814 0.0
0.05839 0.0
0.05863 0.0
0.05888 0.0
0.05912 0.0
0.05936 0.0
0.05961 0.0
0.05985 0.0
0.0601 0.0
0.06034 0.0
0.06059 0.0
0.06083 0.0
0.06107 0.0
0.06132 0.0
0.06156 0.0
0.06181 0.0
0.06205 0.0
0.06229 0.0
0.06254 0.0
0.06278 0.0
0.06303 0.0
0.06327 0.0
0.06351 0.0
0.06376 0.0
0.064 0.0
0.06425 0.0
0.06449 0.0
0.06474 0.0
0.06498 0.0
0.06522 0.0
0.06547 0.0
0.06571 0.0
0.06596 0.0
0.0662 0.0
0.06644 0.0
0.06669 0.0
0.06693 0.0
0.06718 0.0
0.06742 0.0
0.06767 0.0
0.06791 0.0
0.06815 0.0
0.0684 0.0
0.06864 0.0
0.06889 0.0
0.06913 0.0
0.06937 0.0
0.06962 0.0
0.06986 0.0
0.07011 0.0
0.07035 0.0
0.07059 0.0
0.07084 0.0
0.07108 0.0
0.07133 0.0
0.07157 0.0
0.07182 0.0
0.07206 0.0
0.0723 0.0
0.07255 0.0
0.07279 0.0
0.07304 0.0
0.07328 0.0
0.07352 0.0
0.07377 0.0
0.07401 0.0
0.07426 0.0
0.0745 0.0
0.07475 0.0
0.07499 0.0
0.07523 0.0
0.07548 0.0
0.07572 0.0
0.07597 0.0
0.07621 0.0
0.07645 0.0
0.0767 0.0
0.07694 0.0
0.07719 0.0
0.07743 0.0
0.07767 0.0
0.07792 0.0
0.07816 0.0
0.07841 0.0
0.07865 0.0
0.0789 0.0
0.07914 0.0
0.07938 0.0
0.07963 0.0
0.07987 0.0
0.08012 0.0
0.08036 0.0
0.0806 0.0
0.08085 0.0
0.08109 0.0
0.08134 0.0
0.08158 0.0
0.08183 0.0
0.08207 0.0
0.08231 0.0
0.08256 0.0
0.0828 0.0
0.08305 0.0
0.08329 0.0
0.08353 0.0
0.08378 0.0
0.08402 0.0
0.08427 0.0
0.08451 0.0
0.08475 0.0
0.085 0.0
0.08524 0.0
0.08549 0.0
0.08573 0.0
0.08598 0.0
0.08622 0.0
0.08646 0.0
0.08671 0.0
0.08695 0.0
0.0872 0.0
0.08744 0.0
0.08768 0.0
0.08793 0.0
0.08817 0.0
0.08842 0.0
0.08866 0.0
0.08891 0.0
0.08915 0.0
0.08939 0.0
0.08964 0.0
0.08988 0.0
0.09013 0.0
0.09037 0.0
0.09061 0.0
0.09086 0.0
0.0911 0.0
0.09135 0.0
0.09159 0.0
0.09184 0.0
0.09208 0.0
0.09232 0.0
0.09257 0.0
0.09281 0.0
0.09306 0.0
0.0933 0.0
0.09354 0.0
0.09379 0.0
0.09403 0.0
0.09428 0.0
0.09452 0.0
0.09476 0.0
0.09501 0.0
0.09525 0.0
0.0955 0.0
0.09574 0.0
0.09599 0.0
0.09623 0.0
0.09647 0.0
0.09672 0.0
0.09696 0.0
0.09721 0.0
0.09745 0.0
0.09769 0.0
0.09794 0.0
0.09818 0.0
0.09843 0.0
0.09867 0.0
0.09892 0.0
0.09916 0.0
0.0994 0.0
0.09965 0.0
0.09989 0.0
0.10014 0.0
0.10038 0.0
0.10062 0.0
0.10087 0.0
0.10111 0.0
0.10136 0.0
0.1016 0.0
0.10184 0.0
0.10209 0.0
0.10233 0.0
0.10258 0.0
0.10282 0.0
0.10307 0.0
0.10331 0.0
0.10355 0.0
0.1038 0.0
0.10404 0.0
0.10429 0.0
0.10453 0.0
0.10477 0.0
0.10502 0.0
0.10526 0.0
0.10551 0.0
0.10575 0.0
0.106 0.0
0.10624 0.0
0.10648 0.0
0.10673 0.0
0.10697 0.0
0.10722 0.0
0.10746 0.0
0.1077 0.0
0.10795 0.0
0.10819 0.0
0.10844 0.0
0.10868 0.0
0.10892 0.0
0.10917 0.0
0.10941 0.0
0.10966 0.0
0.1099 0.0
0.11015 0.0
0.11039 0.0
0.11063 0.0
0.11088 0.0
0.11112 0.0
0.11137 0.0
0.11161 0.0
0.11185 0.0
0.1121 0.0
0.11234 0.0
0.11259 0.0
0.11283 0.0
0.11308 0.0
0.11332 0.0
0.11356 0.0
0.11381 0.0
0.11405 0.0
0.1143 0.0
0.11454 0.0
0.11478 0.0
0.11503 0.0
0.11527 0.0
0.11552 0.0
0.11576 0.0
0.116 0.0
0.11625 0.0
0.11649 0.0
0.11674 0.0
0.11698 0.0
0.11723 0.0
0.11747 0.0
0.11771 0.0
0.11796 0.0
0.1182 0.0
0.11845 0.0
0.11869 0.0
0.11893 0.0
0.11918 0.0
0.11942 0.0
0.11967 0.0
0.11991 0.0
0.12016 0.0
0.1204 0.0
0.12064 0.0
0.12089 0.0
0.12113 0.0
0.12138 0.0
0.12162 0.0
0.12186 0.0
0.12211 0.0
0.12235 0.0
0.1226 0.0
0.12284 0.0
0.12309 0.0
0.12333 0.0
0.12357 0.0
0.12382 0.0
0.12406 0.0
0.12431 0.0
0.12455 0.0
0.12479 0.0
0.12504 0.0
0.12528 0.0
0.12553 0.0
0.12577 0.0
0.12601 0.0
0.12626 0.0
0.1265 0.0
0.12675 0.0
0.12699 0.0
0.12724 0.0
0.12748 0.0
0.12772 0.0
0.12797 0.0
0.12821 0.0
0.12846 0.0
0.1287 0.0
0.12894 0.0
0.12919 0.0
0.12943 0.0
0.12968 0.0
0.12992 0.0
0.13017 0.0
0.13041 0.0
0.13065 0.0
0.1309 0.0
0.13114 0.0
0.13139 0.0
0.13163 0.0
0.13187 0.0
0.13212 0.0
0.13236 0.0
0.13261 0.0
0.13285 0.0
0.13309 0.0
0.13334 0.0
0.13358 0.0
0.13383 0.0
0.13407 0.0
0.13432 0.0
0.13456 0.0
0.1348 0.0
0.13505 0.0
0.13529 0.0
0.13554 0.0
0.13578 0.0
0.13602 0.0
0.13627 0.0
0.13651 0.0
0.13676 0.0
0.137 0.0
0.13725 0.0
0.13749 0.0
0.13773 0.0
0.13798 0.0
0.13822 0.0
0.13847 0.0
0.13871 0.0
0.13895 0.0
0.1392 0.0
0.13944 0.0
0.13969 0.0
0.13993 0.0
0.14017 0.0
0.14042 0.0
0.14066 0.0
0.14091 0.0
0.14115 0.0
0.1414 0.0
0.14164 0.0
0.14188 0.0
0.14213 0.0
0.14237 0.0
0.14262 0.0
0.14286 0.0
0.1431 0.0
0.14335 0.0
0.14359 0.0
