t strain*1e23
-0.58571 0.0
-0.58547 0.7
-0.58522 1.4
-0.58498 2.1
-0.58474 2.8
-0.58449 3.5
-0.58425 4.2
-0.584 4.9
-0.58376 5.6
-0.58352 6.3
-0.58327 6.9
-0.58303 7.6
-0.58278 8.3
-0.58254 8.9
-0.58229 9.5
-0.58205 10.1
-0.58181 10.7
-0.58156 11.3
-0.58132 11.9
-0.58107 12.5
-0.58083 13.0
-0.58059 13.5
-0.58034 14.0
-0.5801 14.5
-0.57985 15.0
-0.57961 15.5
-0.57936 15.9
-0.57912 16.3
-0.57888 16.7
-0.57863 17.1
-0.57839 17.4
-0.57814 17.8
-0.5779 18.1
-0.57766 18.3
-0.57741 18.6
-0.57717 18.8
-0.57692 19.1
-0.57668 19.2
-0.57644 19.4
-0.57619 19.5
-0.57595 19.7
-0.5757 19.7
-0.57546 19.8
-0.57521 19.8
-0.57497 19.8
-0.57473 19.8
-0.57448 19.8
-0.57424 19.7
-0.57399 19.6
-0.57375 19.5
-0.57351 19.4
-0.57326 19.2
-0.57302 19.0
-0.57277 18.8
-0.57253 18.6
-0.57228 18.3
-0.57204 18.0
-0.5718 17.7
-0.57155 17.4
-0.57131 17.0
-0.57106 16.6
-0.57082 16.2
-0.57058 15.8
-0.57033 15.3
-0.57009 14.9
-0.56984 14.4
-0.5696 13.9
-0.56936 13.4
-0.56911 12.8
-0.56887 12.3
-0.56862 11.7
-0.56838 11.1
-0.56813 10.5
-0.56789 9.9
-0.56765 9.3
-0.5674 8.6
-0.56716 8.0
-0.56691 7.3
-0.56667 6.7
-0.56643 6.0
-0.56618 5.3
-0.56594 4.6
-0.56569 3.9
-0.56545 3.2
-0.5652 2.5
-0.56496 1.8
-0.56472 1.0
-0.56447 0.3
-0.56423 -0.4
-0.56398 -1.1
-0.56374 -1.8
-0.5635 -2.6
-0.56325 -3.3
-0.56301 -4.0
-0.56276 -4.7
-0.56252 -5.4
-0.56227 -6.1
-0.56203 -6.8
-0.56179 -7.4
-0.56154 -8.1
-0.5613 -8.8
-0.56105 -9.4
-0.56081 -10.0
-0.56057 -10.7
-0.56032 -11.3
-0.56008 -11.8
-0.55983 -12.4
-0.55959 -13.0
-0.55935 -13.5
-0.5591 -14.1
-0.55886 -14.6
-0.55861 -15.0
-0.55837 -15.5
-0.55812 -16.0
-0.55788 -16.4
-0.55764 -16.8
-0.55739 -17.2
-0.55715 -17.5
-0.5569 -17.9
-0.55666 -18.2
-0.55642 -18.5
-0.55617 -18.7
-0.55593 -19.0
-0.55568 -19.2
-0.55544 -19.4
-0.55519 -19.6
-0.55495 -19.7
-0.55471 -19.8
-0.55446 -19.9
-0.55422 -20.0
-0.55397 -20.0
-0.55373 -20.0
-0.55349 -20.0
-0.55324 -20.0
-0.553 -19.9
-0.55275 -19.8
-0.55251 -19.7
-0.55227 -19.5
-0.55202 -19.3
-0.55178 -19.1
-0.55153 -18.9
-0.55129 -18.7
-0.55104 -18.4
-0.5508 -18.1
-0.55056 -17.8
-0.55031 -17.4
-0.55007 -17.0
-0.54982 -16.6
-0.54958 -16.2
-0.54934 -15.8
-0.54909 -15.3
-0.54885 -14.8
-0.5486 -14.3
-0.54836 -13.8
-0.54811 -13.3
-0.54787 -12.7
-0.54763 -12.2
-0.54738 -11.6
-0.54714 -11.0
-0.54689 -10.3
-0.54665 -9.7
-0.54641 -9.1
-0.54616 -8.4
-0.54592 -7.7
-0.54567 -7.0
-0.54543 -6.4
-0.54519 -5.7
-0.54494 -4.9
-0.5447 -4.2
-0.54445 -3.5
-0.54421 -2.8
-0.54396 -2.1
-0.54372 -1.3
-0.54348 -0.6
-0.54323 0.1
-0.54299 0.9
-0.54274 1.6
-0.5425 2.4
-0.54226 3.1
-0.54201 3.8
-0.54177 4.5
-0.54152 5.2
-0.54128 6.0
-0.54103 6.7
-0.54079 7.3
-0.54055 8.0
-0.5403 8.7
-0.54006 9.4
-0.53981 10.0
-0.53957 10.6
-0.53933 11.3
-0.53908 11.9
-0.53884 12.5
-0.53859 13.0
-0.53835 13.6
-0.53811 14.1
-0.53786 14.7
-0.53762 15.2
-0.53737 15.6
-0.53713 16.1
-0.53688 16.5
-0.53664 16.9
-0.5364 17.3
-0.53615 17.7
-0.53591 18.0
-0.53566 18.4
-0.53542 18.7
-0.53518 18.9
-0.53493 19.2
-0.53469 19.4
-0.53444 19.6
-0.5342 19.8
-0.53395 19.9
-0.53371 20.0
-0.53347 20.1
-0.53322 20.2
-0.53298 20.2
-0.53273 20.2
-0.53249 20.2
-0.53225 20.1
-0.532 20.0
-0.53176 19.9
-0.53151 19.8
-0.53127 19.6
-0.53102 19.4
-0.53078 19.2
-0.53054 19.0
-0.53029 18.7
-0.53005 18.4
-0.5298 18.1
-0.52956 17.8
-0.52932 17.4
-0.52907 17.0
-0.52883 16.6
-0.52858 16.2
-0.52834 15.7
-0.5281 15.2
-0.52785 14.7
-0.52761 14.2
-0.52736 13.7
-0.52712 13.1
-0.52687 12.5
-0.52663 11.9
-0.52639 11.3
-0.52614 10.7
-0.5259 10.1
-0.52565 9.4
-0.52541 8.7
-0.52517 8.1
-0.52492 7.4
-0.52468 6.7
-0.52443 5.9
-0.52419 5.2
-0.52394 4.5
-0.5237 3.8
-0.52346 3.0
-0.52321 2.3
-0.52297 1.5
-0.52272 0.8
-0.52248 0.0
-0.52224 -0.7
-0.52199 -1.5
-0.52175 -2.2
-0.5215 -3.0
-0.52126 -3.7
-0.52102 -4.5
-0.52077 -5.2
-0.52053 -5.9
-0.52028 -6.6
-0.52004 -7.4
-0.51979 -8.0
-0.51955 -8.7
-0.51931 -9.4
-0.51906 -10.1
-0.51882 -10.7
-0.51857 -11.4
-0.51833 -12.0
-0.51809 -12.6
-0.51784 -13.2
-0.5176 -13.7
-0.51735 -14.3
-0.51711 -14.8
-0.51686 -15.3
-0.51662 -15.8
-0.51638 -16.3
-0.51613 -16.7
-0.51589 -17.1
-0.51564 -17.5
-0.5154 -17.9
-0.51516 -18.3
-0.51491 -18.6
-0.51467 -18.9
-0.51442 -19.2
-0.51418 -19.4
-0.51394 -19.6
-0.51369 -19.8
-0.51345 -20.0
-0.5132 -20.1
-0.51296 -20.2
-0.51271 -20.3
-0.51247 -20.3
-0.51223 -20.4
-0.51198 -20.4
-0.51174 -20.3
-0.51149 -20.3
-0.51125 -20.2
-0.51101 -20.1
-0.51076 -19.9
-0.51052 -19.7
-0.51027 -19.5
-0.51003 -19.3
-0.50978 -19.0
-0.50954 -18.8
-0.5093 -18.4
-0.50905 -18.1
-0.50881 -17.7
-0.50856 -17.4
-0.50832 -16.9
-0.50808 -16.5
-0.50783 -16.0
-0.50759 -15.6
-0.50734 -15.1
-0.5071 -14.5
-0.50686 -14.0
-0.50661 -13.4
-0.50637 -12.8
-0.50612 -12.2
-0.50588 -11.6
-0.50563 -11.0
-0.50539 -10.3
-0.50515 -9.7
-0.5049 -9.0
-0.50466 -8.3
-0.50441 -7.6
-0.50417 -6.9
-0.50393 -6.1
-0.50368 -5.4
-0.50344 -4.6
-0.50319 -3.9
-0.50295 -3.1
-0.5027 -2.4
-0.50246 -1.6
-0.50222 -0.8
-0.50197 0.0
-0.50173 0.7
-0.50148 1.5
-0.50124 2.2
-0.501 3.0
-0.50075 3.8
-0.50051 4.5
-0.50026 5.3
-0.50002 6.0
-0.49977 6.7
-0.49953 7.5
-0.49929 8.2
-0.49904 8.9
-0.4988 9.6
-0.49855 10.2
-0.49831 10.9
-0.49807 11.6
-0.49782 12.2
-0.49758 12.8
-0.49733 13.4
-0.49709 14.0
-0.49685 14.5
-0.4966 15.1
-0.49636 15.6
-0.49611 16.1
-0.49587 16.6
-0.49562 17.0
-0.49538 17.4
-0.49514 17.8
-0.49489 18.2
-0.49465 18.5
-0.4944 18.9
-0.49416 19.2
-0.49392 19.4
-0.49367 19.7
-0.49343 19.9
-0.49318 20.1
-0.49294 20.2
-0.49269 20.3
-0.49245 20.4
-0.49221 20.5
-0.49196 20.5
-0.49172 20.6
-0.49147 20.5
-0.49123 20.5
-0.49099 20.4
-0.49074 20.3
-0.4905 20.2
-0.49025 20.0
-0.49001 19.8
-0.48977 19.6
-0.48952 19.3
-0.48928 19.0
-0.48903 18.7
-0.48879 18.4
-0.48854 18.0
-0.4883 17.6
-0.48806 17.2
-0.48781 16.8
-0.48757 16.3
-0.48732 15.8
-0.48708 15.3
-0.48684 14.8
-0.48659 14.2
-0.48635 13.7
-0.4861 13.1
-0.48586 12.4
-0.48561 11.8
-0.48537 11.2
-0.48513 10.5
-0.48488 9.8
-0.48464 9.1
-0.48439 8.4
-0.48415 7.7
-0.48391 6.9
-0.48366 6.2
-0.48342 5.4
-0.48317 4.7
-0.48293 3.9
-0.48269 3.1
-0.48244 2.4
-0.4822 1.6
-0.48195 0.8
-0.48171 0.0
-0.48146 -0.8
-0.48122 -1.6
-0.48098 -2.4
-0.48073 -3.1
-0.48049 -3.9
-0.48024 -4.7
-0.48 -5.5
-0.47976 -6.2
-0.47951 -7.0
-0.47927 -7.7
-0.47902 -8.4
-0.47878 -9.1
-0.47853 -9.8
-0.47829 -10.5
-0.47805 -11.2
-0.4778 -11.9
-0.47756 -12.5
-0.47731 -13.1
-0.47707 -13.7
-0.47683 -14.3
-0.47658 -14.9
-0.47634 -15.4
-0.47609 -15.9
-0.47585 -16.4
-0.47561 -16.9
-0.47536 -17.4
-0.47512 -17.8
-0.47487 -18.2
-0.47463 -18.6
-0.47438 -18.9
-0.47414 -19.2
-0.4739 -19.5
-0.47365 -19.8
-0.47341 -20.0
-0.47316 -20.2
-0.47292 -20.4
-0.47268 -20.5
-0.47243 -20.6
-0.47219 -20.7
-0.47194 -20.7
-0.4717 -20.7
-0.47145 -20.7
-0.47121 -20.7
-0.47097 -20.6
-0.47072 -20.5
-0.47048 -20.4
-0.47023 -20.2
-0.46999 -20.0
-0.46975 -19.8
-0.4695 -19.5
-0.46926 -19.3
-0.46901 -18.9
-0.46877 -18.6
-0.46852 -18.2
-0.46828 -17.8
-0.46804 -17.4
-0.46779 -17.0
-0.46755 -16.5
-0.4673 -16.0
-0.46706 -15.5
-0.46682 -14.9
-0.46657 -14.4
-0.46633 -13.8
-0.46608 -13.2
-0.46584 -12.5
-0.4656 -11.9
-0.46535 -11.2
-0.46511 -10.5
-0.46486 -9.8
-0.46462 -9.1
-0.46437 -8.4
-0.46413 -7.7
-0.46389 -6.9
-0.46364 -6.1
-0.4634 -5.4
-0.46315 -4.6
-0.46291 -3.8
-0.46267 -3.0
-0.46242 -2.2
-0.46218 -1.4
-0.46193 -0.6
-0.46169 0.2
-0.46144 1.0
-0.4612 1.8
-0.46096 2.6
-0.46071 3.4
-0.46047 4.2
-0.46022 5.0
-0.45998 5.8
-0.45974 6.6
-0.45949 7.3
-0.45925 8.1
-0.459 8.8
-0.45876 9.6
-0.45852 10.3
-0.45827 11.0
-0.45803 11.6
-0.45778 12.3
-0.45754 13.0
-0.45729 13.6
-0.45705 14.2
-0.45681 14.8
-0.45656 15.3
-0.45632 15.9
-0.45607 16.4
-0.45583 16.9
-0.45559 17.4
-0.45534 17.8
-0.4551 18.2
-0.45485 18.6
-0.45461 19.0
-0.45436 19.3
-0.45412 19.6
-0.45388 19.9
-0.45363 20.1
-0.45339 20.3
-0.45314 20.5
-0.4529 20.7
-0.45266 20.8
-0.45241 20.9
-0.45217 20.9
-0.45192 20.9
-0.45168 20.9
-0.45144 20.9
-0.45119 20.8
-0.45095 20.7
-0.4507 20.6
-0.45046 20.4
-0.45021 20.2
-0.44997 20.0
-0.44973 19.7
-0.44948 19.4
-0.44924 19.1
-0.44899 18.8
-0.44875 18.4
-0.44851 18.0
-0.44826 17.6
-0.44802 17.1
-0.44777 16.6
-0.44753 16.1
-0.44728 15.6
-0.44704 15.0
-0.4468 14.4
-0.44655 13.8
-0.44631 13.2
-0.44606 12.5
-0.44582 11.9
-0.44558 11.2
-0.44533 10.5
-0.44509 9.7
-0.44484 9.0
-0.4446 8.3
-0.44436 7.5
-0.44411 6.7
-0.44387 5.9
-0.44362 5.1
-0.44338 4.3
-0.44313 3.5
-0.44289 2.7
-0.44265 1.9
-0.4424 1.1
-0.44216 0.2
-0.44191 -0.6
-0.44167 -1.4
-0.44143 -2.2
-0.44118 -3.1
-0.44094 -3.9
-0.44069 -4.7
-0.44045 -5.5
-0.4402 -6.3
-0.43996 -7.1
-0.43972 -7.9
-0.43947 -8.6
-0.43923 -9.4
-0.43898 -10.1
-0.43874 -10.8
-0.4385 -11.5
-0.43825 -12.2
-0.43801 -12.9
-0.43776 -13.6
-0.43752 -14.2
-0.43727 -14.8
-0.43703 -15.4
-0.43679 -15.9
-0.43654 -16.5
-0.4363 -17.0
-0.43605 -17.5
-0.43581 -17.9
-0.43557 -18.4
-0.43532 -18.8
-0.43508 -19.1
-0.43483 -19.5
-0.43459 -19.8
-0.43435 -20.1
-0.4341 -20.3
-0.43386 -20.5
-0.43361 -20.7
-0.43337 -20.9
-0.43312 -21.0
-0.43288 -21.1
-0.43264 -21.1
-0.43239 -21.2
-0.43215 -21.1
-0.4319 -21.1
-0.43166 -21.0
-0.43142 -20.9
-0.43117 -20.8
-0.43093 -20.6
-0.43068 -20.4
-0.43044 -20.1
-0.43019 -19.9
-0.42995 -19.6
-0.42971 -19.2
-0.42946 -18.9
-0.42922 -18.5
-0.42897 -18.1
-0.42873 -17.6
-0.42849 -17.1
-0.42824 -16.6
-0.428 -16.1
-0.42775 -15.5
-0.42751 -14.9
-0.42727 -14.3
-0.42702 -13.7
-0.42678 -13.0
-0.42653 -12.4
-0.42629 -11.7
-0.42604 -11.0
-0.4258 -10.2
-0.42556 -9.5
-0.42531 -8.7
-0.42507 -7.9
-0.42482 -7.2
-0.42458 -6.4
-0.42434 -5.5
-0.42409 -4.7
-0.42385 -3.9
-0.4236 -3.1
-0.42336 -2.2
-0.42311 -1.4
-0.42287 -0.5
-0.42263 0.3
-0.42238 1.2
-0.42214 2.0
-0.42189 2.9
-0.42165 3.7
-0.42141 4.5
-0.42116 5.4
-0.42092 6.2
-0.42067 7.0
-0.42043 7.8
-0.42019 8.6
-0.41994 9.4
-0.4197 10.1
-0.41945 10.9
-0.41921 11.6
-0.41896 12.3
-0.41872 13.0
-0.41848 13.6
-0.41823 14.3
-0.41799 14.9
-0.41774 15.5
-0.4175 16.1
-0.41726 16.6
-0.41701 17.2
-0.41677 17.7
-0.41652 18.1
-0.41628 18.6
-0.41603 19.0
-0.41579 19.4
-0.41555 19.7
-0.4153 20.0
-0.41506 20.3
-0.41481 20.6
-0.41457 20.8
-0.41433 21.0
-0.41408 21.1
-0.41384 21.2
-0.41359 21.3
-0.41335 21.4
-0.41311 21.4
-0.41286 21.4
-0.41262 21.3
-0.41237 21.2
-0.41213 21.1
-0.41188 20.9
-0.41164 20.7
-0.4114 20.5
-0.41115 20.2
-0.41091 20.0
-0.41066 19.6
-0.41042 19.3
-0.41018 18.9
-0.40993 18.5
-0.40969 18.0
-0.40944 17.5
-0.4092 17.0
-0.40895 16.5
-0.40871 15.9
-0.40847 15.3
-0.40822 14.7
-0.40798 14.1
-0.40773 13.4
-0.40749 12.7
-0.40725 12.0
-0.407 11.3
-0.40676 10.6
-0.40651 9.8
-0.40627 9.0
-0.40602 8.2
-0.40578 7.4
-0.40554 6.6
-0.40529 5.8
-0.40505 4.9
-0.4048 4.1
-0.40456 3.2
-0.40432 2.4
-0.40407 1.5
-0.40383 0.6
-0.40358 -0.2
-0.40334 -1.1
-0.4031 -2.0
-0.40285 -2.8
-0.40261 -3.7
-0.40236 -4.6
-0.40212 -5.4
-0.40187 -6.3
-0.40163 -7.1
-0.40139 -7.9
-0.40114 -8.7
-0.4009 -9.5
-0.40065 -10.3
-0.40041 -11.0
-0.40017 -11.8
-0.39992 -12.5
-0.39968 -13.2
-0.39943 -13.9
-0.39919 -14.6
-0.39894 -15.2
-0.3987 -15.8
-0.39846 -16.4
-0.39821 -17.0
-0.39797 -17.5
-0.39772 -18.0
-0.39748 -18.5
-0.39724 -18.9
-0.39699 -19.3
-0.39675 -19.7
-0.3965 -20.0
-0.39626 -20.3
-0.39602 -20.6
-0.39577 -20.9
-0.39553 -21.1
-0.39528 -21.3
-0.39504 -21.4
-0.39479 -21.5
-0.39455 -21.6
-0.39431 -21.6
-0.39406 -21.6
-0.39382 -21.6
-0.39357 -21.5
-0.39333 -21.4
-0.39309 -21.2
-0.39284 -21.0
-0.3926 -20.8
-0.39235 -20.6
-0.39211 -20.3
-0.39186 -20.0
-0.39162 -19.6
-0.39138 -19.2
-0.39113 -18.8
-0.39089 -18.3
-0.39064 -17.9
-0.3904 -17.3
-0.39016 -16.8
-0.38991 -16.2
-0.38967 -15.6
-0.38942 -15.0
-0.38918 -14.3
-0.38894 -13.7
-0.38869 -13.0
-0.38845 -12.2
-0.3882 -11.5
-0.38796 -10.7
-0.38771 -10.0
-0.38747 -9.2
-0.38723 -8.3
-0.38698 -7.5
-0.38674 -6.7
-0.38649 -5.8
-0.38625 -5.0
-0.38601 -4.1
-0.38576 -3.2
-0.38552 -2.3
-0.38527 -1.4
-0.38503 -0.5
-0.38478 0.4
-0.38454 1.3
-0.3843 2.1
-0.38405 3.0
-0.38381 3.9
-0.38356 4.8
-0.38332 5.7
-0.38308 6.5
-0.38283 7.4
-0.38259 8.2
-0.38234 9.0
-0.3821 9.9
-0.38186 10.7
-0.38161 11.4
-0.38137 12.2
-0.38112 12.9
-0.38088 13.6
-0.38063 14.3
-0.38039 15.0
-0.38015 15.6
-0.3799 16.3
-0.37966 16.8
-0.37941 17.4
-0.37917 17.9
-0.37893 18.4
-0.37868 18.9
-0.37844 19.3
-0.37819 19.7
-0.37795 20.1
-0.3777 20.4
-0.37746 20.7
-0.37722 21.0
-0.37697 21.2
-0.37673 21.4
-0.37648 21.6
-0.37624 21.7
-0.376 21.8
-0.37575 21.8
-0.37551 21.8
-0.37526 21.8
-0.37502 21.7
-0.37477 21.6
-0.37453 21.5
-0.37429 21.3
-0.37404 21.1
-0.3738 20.8
-0.37355 20.5
-0.37331 20.2
-0.37307 19.8
-0.37282 19.4
-0.37258 19.0
-0.37233 18.5
-0.37209 18.0
-0.37185 17.5
-0.3716 17.0
-0.37136 16.4
-0.37111 15.8
-0.37087 15.1
-0.37062 14.4
-0.37038 13.7
-0.37014 13.0
-0.36989 12.3
-0.36965 11.5
-0.3694 10.7
-0.36916 9.9
-0.36892 9.1
-0.36867 8.2
-0.36843 7.4
-0.36818 6.5
-0.36794 5.6
-0.36769 4.7
-0.36745 3.8
-0.36721 2.9
-0.36696 2.0
-0.36672 1.1
-0.36647 0.2
-0.36623 -0.7
-0.36599 -1.6
-0.36574 -2.6
-0.3655 -3.5
-0.36525 -4.4
-0.36501 -5.3
-0.36477 -6.2
-0.36452 -7.1
-0.36428 -7.9
-0.36403 -8.8
-0.36379 -9.6
-0.36354 -10.4
-0.3633 -11.2
-0.36306 -12.0
-0.36281 -12.8
-0.36257 -13.5
-0.36232 -14.3
-0.36208 -15.0
-0.36184 -15.6
-0.36159 -16.3
-0.36135 -16.9
-0.3611 -17.5
-0.36086 -18.0
-0.36061 -18.5
-0.36037 -19.0
-0.36013 -19.5
-0.35988 -19.9
-0.35964 -20.3
-0.35939 -20.6
-0.35915 -20.9
-0.35891 -21.2
-0.35866 -21.5
-0.35842 -21.7
-0.35817 -21.8
-0.35793 -21.9
-0.35769 -22.0
-0.35744 -22.1
-0.3572 -22.1
-0.35695 -22.0
-0.35671 -22.0
-0.35646 -21.9
-0.35622 -21.7
-0.35598 -21.5
-0.35573 -21.3
-0.35549 -21.0
-0.35524 -20.7
-0.355 -20.4
-0.35476 -20.0
-0.35451 -19.6
-0.35427 -19.1
-0.35402 -18.6
-0.35378 -18.1
-0.35353 -17.6
-0.35329 -17.0
-0.35305 -16.4
-0.3528 -15.7
-0.35256 -15.0
-0.35231 -14.3
-0.35207 -13.6
-0.35183 -12.9
-0.35158 -12.1
-0.35134 -11.3
-0.35109 -10.5
-0.35085 -9.6
-0.35061 -8.8
-0.35036 -7.9
-0.35012 -7.0
-0.34987 -6.1
-0.34963 -5.2
-0.34938 -4.3
-0.34914 -3.3
-0.3489 -2.4
-0.34865 -1.5
-0.34841 -0.5
-0.34816 0.4
-0.34792 1.4
-0.34768 2.3
-0.34743 3.3
-0.34719 4.2
-0.34694 5.1
-0.3467 6.0
-0.34645 7.0
-0.34621 7.8
-0.34597 8.7
-0.34572 9.6
-0.34548 10.4
-0.34523 11.3
-0.34499 12.1
-0.34475 12.9
-0.3445 13.6
-0.34426 14.4
-0.34401 15.1
-0.34377 15.8
-0.34352 16.5
-0.34328 17.1
-0.34304 17.7
-0.34279 18.3
-0.34255 18.8
-0.3423 19.3
-0.34206 19.8
-0.34182 20.2
-0.34157 20.6
-0.34133 20.9
-0.34108 21.2
-0.34084 21.5
-0.3406 21.8
-0.34035 22.0
-0.34011 22.1
-0.33986 22.2
-0.33962 22.3
-0.33937 22.3
-0.33913 22.3
-0.33889 22.3
-0.33864 22.2
-0.3384 22.1
-0.33815 21.9
-0.33791 21.7
-0.33767 21.4
-0.33742 21.1
-0.33718 20.8
-0.33693 20.4
-0.33669 20.0
-0.33644 19.6
-0.3362 19.1
-0.33596 18.6
-0.33571 18.0
-0.33547 17.4
-0.33522 16.8
-0.33498 16.1
-0.33474 15.5
-0.33449 14.8
-0.33425 14.0
-0.334 13.2
-0.33376 12.5
-0.33352 11.6
-0.33327 10.8
-0.33303 9.9
-0.33278 9.1
-0.33254 8.2
-0.33229 7.3
-0.33205 6.3
-0.33181 5.4
-0.33156 4.4
-0.33132 3.5
-0.33107 2.5
-0.33083 1.5
-0.33059 0.6
-0.33034 -0.4
-0.3301 -1.4
-0.32985 -2.3
-0.32961 -3.3
-0.32936 -4.3
-0.32912 -5.2
-0.32888 -6.2
-0.32863 -7.1
-0.32839 -8.0
-0.32814 -8.9
-0.3279 -9.8
-0.32766 -10.7
-0.32741 -11.6
-0.32717 -12.4
-0.32692 -13.2
-0.32668 -14.0
-0.32644 -14.7
-0.32619 -15.5
-0.32595 -16.2
-0.3257 -16.9
-0.32546 -17.5
-0.32521 -18.1
-0.32497 -18.7
-0.32473 -19.2
-0.32448 -19.7
-0.32424 -20.2
-0.32399 -20.6
-0.32375 -21.0
-0.32351 -21.3
-0.32326 -21.6
-0.32302 -21.9
-0.32277 -22.1
-0.32253 -22.3
-0.32228 -22.4
-0.32204 -22.5
-0.3218 -22.6
-0.32155 -22.6
-0.32131 -22.6
-0.32106 -22.5
-0.32082 -22.4
-0.32058 -22.2
-0.32033 -22.0
-0.32009 -21.8
-0.31984 -21.5
-0.3196 -21.1
-0.31936 -20.8
-0.31911 -20.3
-0.31887 -19.9
-0.31862 -19.4
-0.31838 -18.9
-0.31813 -18.3
-0.31789 -17.7
-0.31765 -17.1
-0.3174 -16.4
-0.31716 -15.7
-0.31691 -15.0
-0.31667 -14.2
-0.31643 -13.4
-0.31618 -12.6
-0.31594 -11.7
-0.31569 -10.9
-0.31545 -10.0
-0.3152 -9.1
-0.31496 -8.2
-0.31472 -7.2
-0.31447 -6.3
-0.31423 -5.3
-0.31398 -4.3
-0.31374 -3.3
-0.3135 -2.3
-0.31325 -1.3
-0.31301 -0.3
-0.31276 0.7
-0.31252 1.7
-0.31227 2.7
-0.31203 3.7
-0.31179 4.7
-0.31154 5.7
-0.3113 6.6
-0.31105 7.6
-0.31081 8.5
-0.31057 9.5
-0.31032 10.4
-0.31008 11.3
-0.30983 12.1
-0.30959 13.0
-0.30935 13.8
-0.3091 14.6
-0.30886 15.4
-0.30861 16.1
-0.30837 16.8
-0.30812 17.5
-0.30788 18.1
-0.30764 18.7
-0.30739 19.3
-0.30715 19.8
-0.3069 20.3
-0.30666 20.8
-0.30642 21.2
-0.30617 21.5
-0.30593 21.9
-0.30568 22.1
-0.30544 22.4
-0.30519 22.6
-0.30495 22.7
-0.30471 22.8
-0.30446 22.9
-0.30422 22.9
-0.30397 22.9
-0.30373 22.8
-0.30349 22.6
-0.30324 22.5
-0.303 22.3
-0.30275 22.0
-0.30251 21.7
-0.30227 21.4
-0.30202 21.0
-0.30178 20.5
-0.30153 20.1
-0.30129 19.5
-0.30104 19.0
-0.3008 18.4
-0.30056 17.8
-0.30031 17.1
-0.30007 16.4
-0.29982 15.7
-0.29958 14.9
-0.29934 14.1
-0.29909 13.3
-0.29885 12.4
-0.2986 11.6
-0.29836 10.6
-0.29811 9.7
-0.29787 8.8
-0.29763 7.8
-0.29738 6.8
-0.29714 5.8
-0.29689 4.8
-0.29665 3.8
-0.29641 2.8
-0.29616 1.8
-0.29592 0.7
-0.29567 -0.3
-0.29543 -1.3
-0.29519 -2.4
-0.29494 -3.4
-0.2947 -4.4
-0.29445 -5.5
-0.29421 -6.5
-0.29396 -7.5
-0.29372 -8.4
-0.29348 -9.4
-0.29323 -10.3
-0.29299 -11.3
-0.29274 -12.2
-0.2925 -13.0
-0.29226 -13.9
-0.29201 -14.7
-0.29177 -15.5
-0.29152 -16.3
-0.29128 -17.0
-0.29103 -17.7
-0.29079 -18.4
-0.29055 -19.0
-0.2903 -19.6
-0.29006 -20.1
-0.28981 -20.6
-0.28957 -21.1
-0.28933 -21.5
-0.28908 -21.9
-0.28884 -22.2
-0.28859 -22.5
-0.28835 -22.7
-0.28811 -22.9
-0.28786 -23.0
-0.28762 -23.1
-0.28737 -23.2
-0.28713 -23.2
-0.28688 -23.1
-0.28664 -23.0
-0.2864 -22.9
-0.28615 -22.7
-0.28591 -22.5
-0.28566 -22.2
-0.28542 -21.8
-0.28518 -21.5
-0.28493 -21.0
-0.28469 -20.6
-0.28444 -20.1
-0.2842 -19.5
-0.28395 -18.9
-0.28371 -18.3
-0.28347 -17.6
-0.28322 -16.9
-0.28298 -16.1
-0.28273 -15.4
-0.28249 -14.6
-0.28225 -13.7
-0.282 -12.8
-0.28176 -11.9
-0.28151 -11.0
-0.28127 -10.1
-0.28102 -9.1
-0.28078 -8.1
-0.28054 -7.1
-0.28029 -6.1
-0.28005 -5.0
-0.2798 -4.0
-0.27956 -2.9
-0.27932 -1.9
-0.27907 -0.8
-0.27883 0.3
-0.27858 1.4
-0.27834 2.4
-0.2781 3.5
-0.27785 4.6
-0.27761 5.6
-0.27736 6.6
-0.27712 7.7
-0.27687 8.7
-0.27663 9.7
-0.27639 10.6
-0.27614 11.6
-0.2759 12.5
-0.27565 13.4
-0.27541 14.3
-0.27517 15.1
-0.27492 16.0
-0.27468 16.7
-0.27443 17.5
-0.27419 18.2
-0.27394 18.8
-0.2737 19.5
-0.27346 20.1
-0.27321 20.6
-0.27297 21.1
-0.27272 21.6
-0.27248 22.0
-0.27224 22.3
-0.27199 22.6
-0.27175 22.9
-0.2715 23.1
-0.27126 23.3
-0.27102 23.4
-0.27077 23.5
-0.27053 23.5
-0.27028 23.5
-0.27004 23.4
-0.26979 23.2
-0.26955 23.1
-0.26931 22.8
-0.26906 22.5
-0.26882 22.2
-0.26857 21.8
-0.26833 21.4
-0.26809 20.9
-0.26784 20.4
-0.2676 19.8
-0.26735 19.2
-0.26711 18.6
-0.26686 17.9
-0.26662 17.1
-0.26638 16.4
-0.26613 15.5
-0.26589 14.7
-0.26564 13.8
-0.2654 12.9
-0.26516 12.0
-0.26491 11.0
-0.26467 10.0
-0.26442 9.0
-0.26418 8.0
-0.26394 7.0
-0.26369 5.9
-0.26345 4.8
-0.2632 3.7
-0.26296 2.6
-0.26271 1.5
-0.26247 0.4
-0.26223 -0.7
-0.26198 -1.8
-0.26174 -2.9
-0.26149 -4.0
-0.26125 -5.1
-0.26101 -6.2
-0.26076 -7.3
-0.26052 -8.3
-0.26027 -9.3
-0.26003 -10.4
-0.25978 -11.4
-0.25954 -12.3
-0.2593 -13.3
-0.25905 -14.2
-0.25881 -15.1
-0.25856 -15.9
-0.25832 -16.7
-0.25808 -17.5
-0.25783 -18.3
-0.25759 -19.0
-0.25734 -19.6
-0.2571 -20.2
-0.25686 -20.8
-0.25661 -21.3
-0.25637 -21.8
-0.25612 -22.2
-0.25588 -22.6
-0.25563 -22.9
-0.25539 -23.2
-0.25515 -23.4
-0.2549 -23.6
-0.25466 -23.7
-0.25441 -23.8
-0.25417 -23.8
-0.25393 -23.8
-0.25368 -23.7
-0.25344 -23.5
-0.25319 -23.3
-0.25295 -23.1
-0.2527 -22.8
-0.25246 -22.4
-0.25222 -22.0
-0.25197 -21.6
-0.25173 -21.1
-0.25148 -20.5
-0.25124 -19.9
-0.251 -19.3
-0.25075 -18.6
-0.25051 -17.8
-0.25026 -17.1
-0.25002 -16.2
-0.24977 -15.4
-0.24953 -14.5
-0.24929 -13.6
-0.24904 -12.6
-0.2488 -11.6
-0.24855 -10.6
-0.24831 -9.6
-0.24807 -8.5
-0.24782 -7.5
-0.24758 -6.4
-0.24733 -5.2
-0.24709 -4.1
-0.24685 -3.0
-0.2466 -1.8
-0.24636 -0.7
-0.24611 0.5
-0.24587 1.6
-0.24562 2.8
-0.24538 3.9
-0.24514 5.0
-0.24489 6.2
-0.24465 7.3
-0.2444 8.4
-0.24416 9.4
-0.24392 10.5
-0.24367 11.5
-0.24343 12.5
-0.24318 13.5
-0.24294 14.4
-0.24269 15.4
-0.24245 16.2
-0.24221 17.1
-0.24196 17.9
-0.24172 18.6
-0.24147 19.4
-0.24123 20.0
-0.24099 20.7
-0.24074 21.2
-0.2405 21.8
-0.24025 22.3
-0.24001 22.7
-0.23977 23.1
-0.23952 23.4
-0.23928 23.7
-0.23903 23.9
-0.23879 24.0
-0.23854 24.1
-0.2383 24.2
-0.23806 24.2
-0.23781 24.1
-0.23757 24.0
-0.23732 23.8
-0.23708 23.5
-0.23684 23.2
-0.23659 22.9
-0.23635 22.5
-0.2361 22.0
-0.23586 21.5
-0.23561 21.0
-0.23537 20.4
-0.23513 19.7
-0.23488 19.0
-0.23464 18.2
-0.23439 17.4
-0.23415 16.6
-0.23391 15.7
-0.23366 14.8
-0.23342 13.8
-0.23317 12.9
-0.23293 11.8
-0.23269 10.8
-0.23244 9.7
-0.2322 8.6
-0.23195 7.5
-0.23171 6.4
-0.23146 5.2
-0.23122 4.0
-0.23098 2.9
-0.23073 1.7
-0.23049 0.5
-0.23024 -0.7
-0.23 -1.9
-0.22976 -3.1
-0.22951 -4.3
-0.22927 -5.5
-0.22902 -6.6
-0.22878 -7.8
-0.22853 -8.9
-0.22829 -10.0
-0.22805 -11.1
-0.2278 -12.2
-0.22756 -13.2
-0.22731 -14.2
-0.22707 -15.1
-0.22683 -16.1
-0.22658 -17.0
-0.22634 -17.8
-0.22609 -18.6
-0.22585 -19.4
-0.22561 -20.1
-0.22536 -20.8
-0.22512 -21.4
-0.22487 -22.0
-0.22463 -22.5
-0.22438 -22.9
-0.22414 -23.3
-0.2239 -23.7
-0.22365 -24.0
-0.22341 -24.2
-0.22316 -24.4
-0.22292 -24.5
-0.22268 -24.5
-0.22243 -24.5
-0.22219 -24.5
-0.22194 -24.3
-0.2217 -24.1
-0.22145 -23.9
-0.22121 -23.6
-0.22097 -23.2
-0.22072 -22.8
-0.22048 -22.3
-0.22023 -21.8
-0.21999 -21.2
-0.21975 -20.5
-0.2195 -19.8
-0.21926 -19.1
-0.21901 -18.3
-0.21877 -17.4
-0.21852 -16.6
-0.21828 -15.6
-0.21804 -14.7
-0.21779 -13.7
-0.21755 -12.6
-0.2173 -11.5
-0.21706 -10.4
-0.21682 -9.3
-0.21657 -8.2
-0.21633 -7.0
-0.21608 -5.8
-0.21584 -4.6
-0.2156 -3.4
-0.21535 -2.1
-0.21511 -0.9
-0.21486 0.4
-0.21462 1.6
-0.21437 2.8
-0.21413 4.1
-0.21389 5.3
-0.21364 6.5
-0.2134 7.7
-0.21315 8.9
-0.21291 10.0
-0.21267 11.2
-0.21242 12.3
-0.21218 13.3
-0.21193 14.4
-0.21169 15.4
-0.21144 16.4
-0.2112 17.3
-0.21096 18.2
-0.21071 19.0
-0.21047 19.8
-0.21022 20.5
-0.20998 21.2
-0.20974 21.9
-0.20949 22.4
-0.20925 23.0
-0.209 23.4
-0.20876 23.8
-0.20852 24.2
-0.20827 24.4
-0.20803 24.7
-0.20778 24.8
-0.20754 24.9
-0.20729 24.9
-0.20705 24.9
-0.20681 24.8
-0.20656 24.6
-0.20632 24.4
-0.20607 24.1
-0.20583 23.7
-0.20559 23.3
-0.20534 22.9
-0.2051 22.3
-0.20485 21.7
-0.20461 21.1
-0.20436 20.3
-0.20412 19.6
-0.20388 18.8
-0.20363 17.9
-0.20339 17.0
-0.20314 16.0
-0.2029 15.0
-0.20266 14.0
-0.20241 12.9
-0.20217 11.8
-0.20192 10.6
-0.20168 9.5
-0.20144 8.3
-0.20119 7.0
-0.20095 5.8
-0.2007 4.5
-0.20046 3.3
-0.20021 2.0
-0.19997 0.7
-0.19973 -0.6
-0.19948 -1.9
-0.19924 -3.2
-0.19899 -4.5
-0.19875 -5.7
-0.19851 -7.0
-0.19826 -8.2
-0.19802 -9.5
-0.19777 -10.6
-0.19753 -11.8
-0.19728 -13.0
-0.19704 -14.1
-0.1968 -15.1
-0.19655 -16.2
-0.19631 -17.1
-0.19606 -18.1
-0.19582 -19.0
-0.19558 -19.8
-0.19533 -20.6
-0.19509 -21.3
-0.19484 -22.0
-0.1946 -22.6
-0.19436 -23.2
-0.19411 -23.7
-0.19387 -24.1
-0.19362 -24.5
-0.19338 -24.8
-0.19313 -25.0
-0.19289 -25.2
-0.19265 -25.3
-0.1924 -25.4
-0.19216 -25.3
-0.19191 -25.2
-0.19167 -25.0
-0.19143 -24.8
-0.19118 -24.5
-0.19094 -24.1
-0.19069 -23.7
-0.19045 -23.2
-0.1902 -22.6
-0.18996 -22.0
-0.18972 -21.3
-0.18947 -20.5
-0.18923 -19.7
-0.18898 -18.8
-0.18874 -17.9
-0.1885 -16.9
-0.18825 -15.9
-0.18801 -14.9
-0.18776 -13.8
-0.18752 -12.6
-0.18727 -11.4
-0.18703 -10.2
-0.18679 -9.0
-0.18654 -7.7
-0.1863 -6.4
-0.18605 -5.1
-0.18581 -3.8
-0.18557 -2.4
-0.18532 -1.1
-0.18508 0.2
-0.18483 1.6
-0.18459 2.9
-0.18435 4.3
-0.1841 5.6
-0.18386 6.9
-0.18361 8.2
-0.18337 9.5
-0.18312 10.8
-0.18288 12.0
-0.18264 13.2
-0.18239 14.3
-0.18215 15.4
-0.1819 16.5
-0.18166 17.5
-0.18142 18.5
-0.18117 19.4
-0.18093 20.3
-0.18068 21.1
-0.18044 21.9
-0.18019 22.6
-0.17995 23.2
-0.17971 23.8
-0.17946 24.3
-0.17922 24.7
-0.17897 25.1
-0.17873 25.4
-0.17849 25.6
-0.17824 25.7
-0.178 25.8
-0.17775 25.8
-0.17751 25.7
-0.17727 25.6
-0.17702 25.3
-0.17678 25.0
-0.17653 24.7
-0.17629 24.2
-0.17604 23.7
-0.1758 23.1
-0.17556 22.5
-0.17531 21.8
-0.17507 21.0
-0.17482 20.2
-0.17458 19.3
-0.17434 18.3
-0.17409 17.3
-0.17385 16.3
-0.1736 15.1
-0.17336 14.0
-0.17311 12.8
-0.17287 11.6
-0.17263 10.3
-0.17238 9.0
-0.17214 7.7
-0.17189 6.3
-0.17165 4.9
-0.17141 3.5
-0.17116 2.1
-0.17092 0.7
-0.17067 -0.7
-0.17043 -2.1
-0.17019 -3.5
-0.16994 -4.9
-0.1697 -6.3
-0.16945 -7.6
-0.16921 -9.0
-0.16896 -10.3
-0.16872 -11.6
-0.16848 -12.9
-0.16823 -14.1
-0.16799 -15.3
-0.16774 -16.4
-0.1675 -17.5
-0.16726 -18.6
-0.16701 -19.5
-0.16677 -20.5
-0.16652 -21.3
-0.16628 -22.1
-0.16603 -22.9
-0.16579 -23.6
-0.16555 -24.2
-0.1653 -24.7
-0.16506 -25.1
-0.16481 -25.5
-0.16457 -25.8
-0.16433 -26.1
-0.16408 -26.2
-0.16384 -26.3
-0.16359 -26.3
-0.16335 -26.2
-0.16311 -26.0
-0.16286 -25.8
-0.16262 -25.4
-0.16237 -25.0
-0.16213 -24.6
-0.16188 -24.0
-0.16164 -23.4
-0.1614 -22.7
-0.16115 -21.9
-0.16091 -21.0
-0.16066 -20.1
-0.16042 -19.2
-0.16018 -18.1
-0.15993 -17.1
-0.15969 -15.9
-0.15944 -14.7
-0.1592 -13.5
-0.15895 -12.2
-0.15871 -10.9
-0.15847 -9.5
-0.15822 -8.2
-0.15798 -6.7
-0.15773 -5.3
-0.15749 -3.8
-0.15725 -2.4
-0.157 -0.9
-0.15676 0.6
-0.15651 2.1
-0.15627 3.5
-0.15602 5.0
-0.15578 6.5
-0.15554 7.9
-0.15529 9.3
-0.15505 10.7
-0.1548 12.0
-0.15456 13.4
-0.15432 14.6
-0.15407 15.9
-0.15383 17.0
-0.15358 18.2
-0.15334 19.3
-0.1531 20.3
-0.15285 21.2
-0.15261 22.1
-0.15236 22.9
-0.15212 23.7
-0.15187 24.3
-0.15163 24.9
-0.15139 25.4
-0.15114 25.9
-0.1509 26.2
-0.15065 26.5
-0.15041 26.7
-0.15017 26.8
-0.14992 26.8
-0.14968 26.7
-0.14943 26.6
-0.14919 26.3
-0.14894 26.0
-0.1487 25.6
-0.14846 25.1
-0.14821 24.5
-0.14797 23.8
-0.14772 23.1
-0.14748 22.3
-0.14724 21.4
-0.14699 20.4
-0.14675 19.4
-0.1465 18.3
-0.14626 17.2
-0.14602 16.0
-0.14577 14.7
-0.14553 13.4
-0.14528 12.0
-0.14504 10.6
-0.14479 9.2
-0.14455 7.7
-0.14431 6.2
-0.14406 4.7
-0.14382 3.2
-0.14357 1.6
-0.14333 0.0
-0.14309 -1.5
-0.14284 -3.1
-0.1426 -4.6
-0.14235 -6.1
-0.14211 -7.7
-0.14186 -9.1
-0.14162 -10.6
-0.14138 -12.0
-0.14113 -13.4
-0.14089 -14.8
-0.14064 -16.1
-0.1404 -17.3
-0.14016 -18.5
-0.13991 -19.7
-0.13967 -20.7
-0.13942 -21.7
-0.13918 -22.7
-0.13894 -23.5
-0.13869 -24.3
-0.13845 -25.0
-0.1382 -25.6
-0.13796 -26.1
-0.13771 -26.5
-0.13747 -26.9
-0.13723 -27.1
-0.13698 -27.3
-0.13674 -27.4
-0.13649 -27.3
-0.13625 -27.2
-0.13601 -27.0
-0.13576 -26.7
-0.13552 -26.3
-0.13527 -25.8
-0.13503 -25.2
-0.13478 -24.6
-0.13454 -23.8
-0.1343 -23.0
-0.13405 -22.1
-0.13381 -21.1
-0.13356 -20.0
-0.13332 -18.9
-0.13308 -17.7
-0.13283 -16.4
-0.13259 -15.1
-0.13234 -13.7
-0.1321 -12.2
-0.13186 -10.8
-0.13161 -9.2
-0.13137 -7.7
-0.13112 -6.1
-0.13088 -4.5
-0.13063 -2.9
-0.13039 -1.2
-0.13015 0.4
-0.1299 2.1
-0.12966 3.7
-0.12941 5.3
-0.12917 6.9
-0.12893 8.5
-0.12868 10.1
-0.12844 11.6
-0.12819 13.1
-0.12795 14.6
-0.1277 16.0
-0.12746 17.3
-0.12722 18.6
-0.12697 19.8
-0.12673 20.9
-0.12648 22.0
-0.12624 23.0
-0.126 23.9
-0.12575 24.7
-0.12551 25.5
-0.12526 26.1
-0.12502 26.7
-0.12477 27.1
-0.12453 27.5
-0.12429 27.8
-0.12404 27.9
-0.1238 28.0
-0.12355 27.9
-0.12331 27.8
-0.12307 27.5
-0.12282 27.2
-0.12258 26.7
-0.12233 26.2
-0.12209 25.5
-0.12185 24.8
-0.1216 24.0
-0.12136 23.0
-0.12111 22.0
-0.12087 20.9
-0.12062 19.8
-0.12038 18.5
-0.12014 17.2
-0.11989 15.8
-0.11965 14.3
-0.1194 12.8
-0.11916 11.3
-0.11892 9.7
-0.11867 8.0
-0.11843 6.4
-0.11818 4.7
-0.11794 2.9
-0.11769 1.2
-0.11745 -0.5
-0.11721 -2.3
-0.11696 -4.0
-0.11672 -5.7
-0.11647 -7.4
-0.11623 -9.1
-0.11599 -10.8
-0.11574 -12.4
-0.1155 -13.9
-0.11525 -15.5
-0.11501 -16.9
-0.11477 -18.3
-0.11452 -19.6
-0.11428 -20.9
-0.11403 -22.1
-0.11379 -23.2
-0.11354 -24.2
-0.1133 -25.1
-0.11306 -25.9
-0.11281 -26.6
-0.11257 -27.2
-0.11232 -27.7
-0.11208 -28.1
-0.11184 -28.4
-0.11159 -28.6
-0.11135 -28.7
-0.1111 -28.6
-0.11086 -28.5
-0.11061 -28.2
-0.11037 -27.8
-0.11013 -27.3
-0.10988 -26.7
-0.10964 -26.0
-0.10939 -25.2
-0.10915 -24.3
-0.10891 -23.3
-0.10866 -22.2
-0.10842 -21.0
-0.10817 -19.7
-0.10793 -18.3
-0.10769 -16.9
-0.10744 -15.4
-0.1072 -13.8
-0.10695 -12.2
-0.10671 -10.5
-0.10646 -8.7
-0.10622 -7.0
-0.10598 -5.2
-0.10573 -3.3
-0.10549 -1.5
-0.10524 0.3
-0.105 2.2
-0.10476 4.1
-0.10451 5.9
-0.10427 7.7
-0.10402 9.5
-0.10378 11.2
-0.10353 12.9
-0.10329 14.6
-0.10305 16.2
-0.1028 17.7
-0.10256 19.2
-0.10231 20.6
-0.10207 21.9
-0.10183 23.1
-0.10158 24.2
-0.10134 25.3
-0.10109 26.2
-0.10085 27.0
-0.10061 27.7
-0.10036 28.3
-0.10012 28.7
-0.09987 29.1
-0.09963 29.3
-0.09938 29.4
-0.09914 29.4
-0.0989 29.2
-0.09865 29.0
-0.09841 28.6
-0.09816 28.0
-0.09792 27.4
-0.09768 26.6
-0.09743 25.7
-0.09719 24.8
-0.09694 23.7
-0.0967 22.5
-0.09645 21.1
-0.09621 19.8
-0.09597 18.3
-0.09572 16.7
-0.09548 15.1
-0.09523 13.3
-0.09499 11.6
-0.09475 9.7
-0.0945 7.9
-0.09426 5.9
-0.09401 4.0
-0.09377 2.0
-0.09352 0.0
-0.09328 -1.9
-0.09304 -3.9
-0.09279 -5.9
-0.09255 -7.8
-0.0923 -9.7
-0.09206 -11.6
-0.09182 -13.4
-0.09157 -15.2
-0.09133 -16.9
-0.09108 -18.5
-0.09084 -20.1
-0.0906 -21.6
-0.09035 -22.9
-0.09011 -24.2
-0.08986 -25.4
-0.08962 -26.4
-0.08937 -27.3
-0.08913 -28.1
-0.08889 -28.8
-0.08864 -29.4
-0.0884 -29.8
-0.08815 -30.1
-0.08791 -30.2
-0.08767 -30.2
-0.08742 -30.1
-0.08718 -29.8
-0.08693 -29.4
-0.08669 -28.9
-0.08644 -28.2
-0.0862 -27.3
-0.08596 -26.4
-0.08571 -25.3
-0.08547 -24.1
-0.08522 -22.8
-0.08498 -21.4
-0.08474 -19.9
-0.08449 -18.2
-0.08425 -16.5
-0.084 -14.7
-0.08376 -12.8
-0.08352 -10.9
-0.08327 -8.9
-0.08303 -6.9
-0.08278 -4.8
-0.08254 -2.7
-0.08229 -0.6
-0.08205 1.6
-0.08181 3.7
-0.08156 5.8
-0.08132 7.9
-0.08107 10.0
-0.08083 12.0
-0.08059 14.0
-0.08034 15.9
-0.0801 17.7
-0.07985 19.4
-0.07961 21.1
-0.07936 22.6
-0.07912 24.1
-0.07888 25.4
-0.07863 26.6
-0.07839 27.7
-0.07814 28.6
-0.0779 29.4
-0.07766 30.1
-0.07741 30.6
-0.07717 30.9
-0.07692 31.1
-0.07668 31.2
-0.07644 31.1
-0.07619 30.8
-0.07595 30.4
-0.0757 29.8
-0.07546 29.0
-0.07521 28.1
-0.07497 27.1
-0.07473 25.9
-0.07448 24.6
-0.07424 23.1
-0.07399 21.6
-0.07375 19.9
-0.07351 18.1
-0.07326 16.2
-0.07302 14.2
-0.07277 12.1
-0.07253 10.0
-0.07228 7.8
-0.07204 5.6
-0.0718 3.3
-0.07155 1.0
-0.07131 -1.3
-0.07106 -3.6
-0.07082 -5.9
-0.07058 -8.2
-0.07033 -10.4
-0.07009 -12.6
-0.06984 -14.8
-0.0696 -16.8
-0.06936 -18.8
-0.06911 -20.6
-0.06887 -22.4
-0.06862 -24.0
-0.06838 -25.6
-0.06813 -26.9
-0.06789 -28.2
-0.06765 -29.3
-0.0674 -30.2
-0.06716 -30.9
-0.06691 -31.5
-0.06667 -32.0
-0.06643 -32.2
-0.06618 -32.3
-0.06594 -32.1
-0.06569 -31.8
-0.06545 -31.4
-0.0652 -30.7
-0.06496 -29.9
-0.06472 -28.9
-0.06447 -27.7
-0.06423 -26.4
-0.06398 -24.9
-0.06374 -23.2
-0.0635 -21.5
-0.06325 -19.5
-0.06301 -17.5
-0.06276 -15.4
-0.06252 -13.2
-0.06227 -10.9
-0.06203 -8.5
-0.06179 -6.0
-0.06154 -3.5
-0.0613 -1.0
-0.06105 1.5
-0.06081 4.0
-0.06057 6.5
-0.06032 9.0
-0.06008 11.4
-0.05983 13.8
-0.05959 16.1
-0.05935 18.3
-0.0591 20.4
-0.05886 22.4
-0.05861 24.3
-0.05837 26.0
-0.05812 27.6
-0.05788 29.0
-0.05764 30.2
-0.05739 31.2
-0.05715 32.1
-0.0569 32.7
-0.05666 33.2
-0.05642 33.5
-0.05617 33.5
-0.05593 33.3
-0.05568 33.0
-0.05544 32.4
-0.05519 31.6
-0.05495 30.6
-0.05471 29.4
-0.05446 28.0
-0.05422 26.4
-0.05397 24.7
-0.05373 22.8
-0.05349 20.7
-0.05324 18.5
-0.053 16.1
-0.05275 13.7
-0.05251 11.1
-0.05227 8.5
-0.05202 5.8
-0.05178 3.0
-0.05153 0.3
-0.05129 -2.5
-0.05104 -5.3
-0.0508 -8.1
-0.05056 -10.8
-0.05031 -13.5
-0.05007 -16.0
-0.04982 -18.5
-0.04958 -20.9
-0.04934 -23.1
-0.04909 -25.2
-0.04885 -27.1
-0.0486 -28.8
-0.04836 -30.4
-0.04811 -31.7
-0.04787 -32.8
-0.04763 -33.7
-0.04738 -34.4
-0.04714 -34.8
-0.04689 -35.0
-0.04665 -34.9
-0.04641 -34.6
-0.04616 -34.0
-0.04592 -33.2
-0.04567 -32.1
-0.04543 -30.8
-0.04519 -29.3
-0.04494 -27.5
-0.0447 -25.5
-0.04445 -23.4
-0.04421 -21.0
-0.04396 -18.5
-0.04372 -15.9
-0.04348 -13.1
-0.04323 -10.2
-0.04299 -7.2
-0.04274 -4.1
-0.0425 -1.0
-0.04226 2.1
-0.04201 5.2
-0.04177 8.3
-0.04152 11.4
-0.04128 14.4
-0.04103 17.3
-0.04079 20.0
-0.04055 22.6
-0.0403 25.1
-0.04006 27.4
-0.03981 29.4
-0.03957 31.2
-0.03933 32.8
-0.03908 34.2
-0.03884 35.2
-0.03859 36.0
-0.03835 36.5
-0.03811 36.7
-0.03786 36.6
-0.03762 36.2
-0.03737 35.5
-0.03713 34.5
-0.03688 33.2
-0.03664 31.6
-0.0364 29.7
-0.03615 27.6
-0.03591 25.2
-0.03566 22.6
-0.03542 19.7
-0.03518 16.7
-0.03493 13.6
-0.03469 10.2
-0.03444 6.8
-0.0342 3.3
-0.03395 -0.2
-0.03371 -3.8
-0.03347 -7.4
-0.03322 -10.9
-0.03298 -14.3
-0.03273 -17.7
-0.03249 -20.8
-0.03225 -23.9
-0.032 -26.7
-0.03176 -29.2
-0.03151 -31.6
-0.03127 -33.6
-0.03102 -35.3
-0.03078 -36.7
-0.03054 -37.8
-0.03029 -38.5
-0.03005 -38.8
-0.0298 -38.8
-0.02956 -38.4
-0.02932 -37.6
-0.02907 -36.4
-0.02883 -34.8
-0.02858 -32.9
-0.02834 -30.6
-0.0281 -28.0
-0.02785 -25.1
-0.02761 -21.9
-0.02736 -18.5
-0.02712 -14.8
-0.02687 -11.0
-0.02663 -7.0
-0.02639 -2.9
-0.02614 1.3
-0.0259 5.4
-0.02565 9.6
-0.02541 13.7
-0.02517 17.6
-0.02492 21.4
-0.02468 25.0
-0.02443 28.4
-0.02419 31.4
-0.02394 34.1
-0.0237 36.4
-0.02346 38.4
-0.02321 39.9
-0.02297 40.9
-0.02272 41.5
-0.02248 41.6
-0.02224 41.1
-0.02199 40.2
-0.02175 38.8
-0.0215 36.9
-0.02126 34.4
-0.02102 31.6
-0.02077 28.3
-0.02053 24.6
-0.02028 20.6
-0.02004 16.2
-0.01979 11.6
-0.01955 6.8
-0.01931 1.8
-0.01906 -3.2
-0.01882 -8.2
-0.01857 -13.2
-0.01833 -18.1
-0.01809 -22.7
-0.01784 -27.1
-0.0176 -31.2
-0.01735 -34.8
-0.01711 -38.0
-0.01686 -40.7
-0.01662 -42.8
-0.01638 -44.2
-0.01613 -45.0
-0.01589 -45.1
-0.01564 -44.6
-0.0154 -43.3
-0.01516 -41.3
-0.01491 -38.6
-0.01467 -35.2
-0.01442 -31.2
-0.01418 -26.6
-0.01394 -21.5
-0.01369 -16.0
-0.01345 -10.1
-0.0132 -3.9
-0.01296 2.4
-0.01271 8.8
-0.01247 15.1
-0.01223 21.2
-0.01198 27.1
-0.01174 32.5
-0.01149 37.4
-0.01125 41.6
-0.01101 45.1
-0.01076 47.7
-0.01052 49.3
-0.01027 50.0
-0.01003 49.6
-0.00978 48.1
-0.00954 45.5
-0.0093 41.8
-0.00905 37.1
-0.00881 31.4
-0.00856 24.8
-0.00832 17.5
-0.00808 9.6
-0.00783 1.2
-0.00759 -7.3
-0.00734 -15.9
-0.0071 -24.2
-0.00686 -32.1
-0.00661 -39.3
-0.00637 -45.5
-0.00612 -50.5
-0.00588 -54.1
-0.00563 -56.2
-0.00539 -56.4
-0.00515 -54.8
-0.0049 -51.3
-0.00466 -45.8
-0.00441 -38.6
-0.00417 -29.6
-0.00393 -19.3
-0.00368 -7.8
-0.00344 4.5
-0.00319 16.9
-0.00295 29.1
-0.0027 40.5
-0.00246 50.3
-0.00222 58.0
-0.00197 63.0
-0.00173 64.7
-0.00148 62.8
-0.00124 57.0
-0.001 47.3
-0.00075 33.9
-0.00051 17.3
-0.00026 -1.4
-2e-05 -20.7
0.00023 -38.8
0.00047 -53.7
0.00071 -63.4
0.00096 -66.3
0.0012 -61.7
0.00145 -49.8
0.00169 -31.8
0.00193 -10.1
0.00218 12.2
0.00242 31.8
0.00267 45.7
0.00291 52.1
0.00315 50.0
0.0034 40.4
0.00364 25.2
0.00389 7.3
0.00413 -10.0
0.00438 -23.9
0.00462 -32.2
0.00486 -34.1
0.00511 -29.8
0.00535 -20.9
0.0056 -9.3
0.00584 2.5
0.00608 12.3
0.00633 18.6
0.00657 20.7
0.00682 18.7
0.00706 13.5
0.00731 6.5
0.00755 -0.8
0.00779 -7.0
0.00804 -11.0
0.00828 -12.3
0.00853 -11.1
0.00877 -8.0
0.00901 -3.8
0.00926 0.6
0.0095 4.3
0.00975 6.6
0.00999 7.4
0.01023 6.6
0.01048 4.6
0.01072 2.0
0.01097 -0.6
0.01121 -2.8
0.01146 -4.1
0.0117 -4.4
0.01194 -3.9
0.01219 -2.7
0.01243 -1.1
0.01268 0.5
0.01292 1.8
0.01316 2.5
0.01341 2.7
0.01365 2.3
0.0139 1.5
0.01414 0.5
0.01439 -0.4
0.01463 -1.1
0.01487 -1.6
0.01512 -1.6
0.01536 -1.4
0.01561 -0.9
0.01585 -0.3
0.01609 0.3
0.01634 0.7
0.01658 1.0
0.01683 1.0
0.01707 0.8
0.01731 0.5
0.01756 0.1
0.0178 -0.2
0.01805 -0.5
0.01829 -0.6
0.01854 -0.6
0.01878 -0.5
0.01902 -0.3
0.01927 0.0
0.01951 0.1
0.01976 0.3
0.02 0.4
0.02024 0.4
0.02049 0.3
0.02073 0.2
0.02098 0.0
0.02122 -0.1
0.02147 -0.2
0.02171 -0.2
0.02195 -0.2
0.0222 -0.2
0.02244 0.0
0.02269 0.0
0.02293 0.0
0.02317 0.1
0.02342 0.1
0.02366 0.1
0.02391 0.0
0.02415 0.0
0.02439 0.0
0.02464 0.0
0.02488 0.0
0.02513 0.0
0.02537 0.0
0.02562 0.0
0.02586 0.0
0.0261 0.0
0.02635 0.0
0.02659 0.0
0.02684 0.0
0.02708 0.0
0.02732 0.0
0.02757 0.0
0.02781 0.0
0.02806 0.0
0.0283 0.0
0.02855 0.0
0.02879 0.0
0.02903 0.0
0.02928 0.0
0.02952 0.0
0.02977 0.0
0.03001 0.0
0.03025 0.0
0.0305 0.0
0.03074 0.0
0.03099 0.0
0.03123 0.0
0.03148 0.0
0.03172 0.0
0.03196 0.0
0.03221 0.0
0.03245 0.0
0.0327 0.0
0.03294 0.0
0.03318 0.0
0.03343 0.0
0.03367 0.0
0.03392 0.0
0.03416 0.0
0.0344 0.0
0.03465 0.0
0.03489 0.0
0.03514 0.0
0.03538 0.0
0.03563 0.0
0.03587 0.0
0.03611 0.0
0.03636 0.0
0.0366 0.0
0.03685 0.0
0.03709 0.0
0.03733 0.0
0.03758 0.0
0.03782 0.0
0.03807 0.0
0.03831 0.0
0.03856 0.0
0.0388 0.0
0.03904 0.0
0.03929 0.0
0.03953 0.0
0.03978 0.0
0.04002 0.0
0.04026 0.0
0.04051 0.0
0.04075 0.0
0.041 0.0
0.04124 0.0
0.04148 0.0
0.04173 0.0
0.04197 0.0
0.04222 0.0
0.04246 0.0
0.04271 0.0
0.04295 0.0
0.04319 0.0
0.04344 0.0
0.04368 0.0
0.04393 0.0
0.04417 0.0
0.04441 0.0
0.04466 0.0
0.0449 0.0
0.04515 0.0
0.04539 0.0
0.04564 0.0
0.04588 0.0
0.04612 0.0
0.04637 0.0
0.04661 0.0
0.04686 0.0
0.0471 0.0
0.04734 0.0
0.04759 0.0
0.04783 0.0
0.04808 0.0
0.04832 0.0
0.04856 0.0
0.04881 0.0
0.04905 0.0
0.0493 0.0
0.04954 0.0
0.04979 0.0
0.05003 0.0
0.05027 0.0
0.05052 0.0
0.05076 0.0
0.05101 0.0
0.05125 0.0
0.05149 0.0
0.05174 0.0
0.05198 0.0
0.05223 0.0
0.05247 0.0
0.05272 0.0
0.05296 0.0
0.0532 0.0
0.05345 0.0
0.05369 0.0
0.05394 0.0
0.05418 0.0
0.05442 0.0
0.05467 0.0
0.05491 0.0
0.05516 0.0
0.0554 0.0
0.05564 0.0
0.05589 0.0
0.05613 0.0
0.05638 0.0
0.05662 0.0
0.05687 0.0
0.05711 0.0
0.05735 0.0
0.0576 0.0
0.05784 0.0
0.05809 0.0
0.05833 0.0
0.05857 0.0
0.05882 0.0
0.05906 0.0
0.05931 0.0
0.05955 0.0
0.0598 0.0
0.06004 0.0
0.06028 0.0
0.06053 0.0
0.06077 0.0
0.06102 0.0
0.06126 0.0
0.0615 0.0
0.06175 0.0
0.06199 0.0
0.06224 0.0
0.06248 0.0
0.06273 0.0
0.06297 0.0
0.06321 0.0
0.06346 0.0
0.0637 0.0
0.06395 0.0
0.06419 0.0
0.06443 0.0
0.06468 0.0
0.06492 0.0
0.06517 0.0
0.06541 0.0
0.06565 0.0
0.0659 0.0
0.06614 0.0
0.06639 0.0
0.06663 0.0
0.06688 0.0
0.06712 0.0
0.06736 0.0
0.06761 0.0
0.06785 0.0
0.0681 0.0
0.06834 0.0
0.06858 0.0
0.06883 0.0
0.06907 0.0
0.06932 0.0
0.06956 0.0
0.06981 0.0
0.07005 0.0
0.07029 0.0
0.07054 0.0
0.07078 0.0
0.07103 0.0
0.07127 0.0
0.07151 0.0
0.07176 0.0
0.072 0.0
0.07225 0.0
0.07249 0.0
0.07273 0.0
0.07298 0.0
0.07322 0.0
0.07347 0.0
0.07371 0.0
0.07396 0.0
0.0742 0.0
0.07444 0.0
0.07469 0.0
0.07493 0.0
0.07518 0.0
0.07542 0.0
0.07566 0.0
0.07591 0.0
0.07615 0.0
0.0764 0.0
0.07664 0.0
0.07689 0.0
0.07713 0.0
0.07737 0.0
0.07762 0.0
0.07786 0.0
0.07811 0.0
0.07835 0.0
0.07859 0.0
0.07884 0.0
0.07908 0.0
0.07933 0.0
0.07957 0.0
0.07981 0.0
0.08006 0.0
0.0803 0.0
0.08055 0.0
0.08079 0.0
0.08104 0.0
0.08128 0.0
0.08152 0.0
0.08177 0.0
0.08201 0.0
0.08226 0.0
0.0825 0.0
0.08274 0.0
0.08299 0.0
0.08323 0.0
0.08348 0.0
0.08372 0.0
0.08397 0.0
0.08421 0.0
0.08445 0.0
0.0847 0.0
0.08494 0.0
0.08519 0.0
0.08543 0.0
0.08567 0.0
0.08592 0.0
0.08616 0.0
0.08641 0.0
0.08665 0.0
0.08689 0.0
0.08714 0.0
0.08738 0.0
0.08763 0.0
0.08787 0.0
0.08812 0.0
0.08836 0.0
0.0886 0.0
0.08885 0.0
0.08909 0.0
0.08934 0.0
0.08958 0.0
0.08982 0.0
0.09007 0.0
0.09031 0.0
0.09056 0.0
0.0908 0.0
0.09105 0.0
0.09129 0.0
0.09153 0.0
0.09178 0.0
0.09202 0.0
0.09227 0.0
0.09251 0.0
0.09275 0.0
0.093 0.0
0.09324 0.0
0.09349 0.0
0.09373 0.0
0.09398 0.0
0.09422 0.0
0.09446 0.0
0.09471 0.0
0.09495 0.0
0.0952 0.0
0.09544 0.0
0.09568 0.0
0.09593 0.0
0.09617 0.0
0.09642 0.0
0.09666 0.0
0.0969 0.0
0.09715 0.0
0.09739 0.0
0.09764 0.0
0.09788 0.0
0.09813 0.0
0.09837 0.0
0.09861 0.0
0.09886 0.0
0.0991 0.0
0.09935 0.0
0.09959 0.0
0.09983 0.0
0.10008 0.0
0.10032 0.0
0.10057 0.0
0.10081 0.0
0.10106 0.0
0.1013 0.0
0.10154 0.0
0.10179 0.0
0.10203 0.0
0.10228 0.0
0.10252 0.0
0.10276 0.0
0.10301 0.0
0.10325 0.0
0.1035 0.0
0.10374 0.0
0.10398 0.0
0.10423 0.0
0.10447 0.0
0.10472 0.0
0.10496 0.0
0.10521 0.0
0.10545 0.0
0.10569 0.0
0.10594 0.0
0.10618 0.0
0.10643 0.0
0.10667 0.0
0.10691 0.0
0.10716 0.0
0.1074 0.0
0.10765 0.0
0.10789 0.0
0.10814 0.0
0.10838 0.0
0.10862 0.0
0.10887 0.0
0.10911 0.0
0.10936 0.0
0.1096 0.0
0.10984 0.0
0.11009 0.0
0.11033 0.0
0.11058 0.0
0.11082 0.0
0.11106 0.0
0.11131 0.0
0.11155 0.0
0.1118 0.0
0.11204 0.0
0.11229 0.0
0.11253 0.0
0.11277 0.0
0.11302 0.0
0.11326 0.0
0.11351 0.0
0.11375 0.0
0.11399 0.0
0.11424 0.0
0.11448 0.0
0.11473 0.0
0.11497 0.0
0.11522 0.0
0.11546 0.0
0.1157 0.0
0.11595 0.0
0.11619 0.0
0.11644 0.0
0.11668 0.0
0.11692 0.0
0.11717 0.0
0.11741 0.0
0.11766 0.0
0.1179 0.0
0.11814 0.0
0.11839 0.0
0.11863 0.0
0.11888 0.0
0.11912 0.0
0.11937 0.0
0.11961 0.0
0.11985 0.0
0.1201 0.0
0.12034 0.0
0.12059 0.0
0.12083 0.0
0.12107 0.0
0.12132 0.0
0.12156 0.0
0.12181 0.0
0.12205 0.0
0.1223 0.0
0.12254 0.0
0.12278 0.0
0.12303 0.0
0.12327 0.0
0.12352 0.0
0.12376 0.0
0.124 0.0
0.12425 0.0
0.12449 0.0
0.12474 0.0
0.12498 0.0
0.12523 0.0
0.12547 0.0
0.12571 0.0
0.12596 0.0
0.1262 0.0
0.12645 0.0
0.12669 0.0
0.12693 0.0
0.12718 0.0
0.12742 0.0
0.12767 0.0
0.12791 0.0
0.12815 0.0
0.1284 0.0
0.12864 0.0
0.12889 0.0
0.12913 0.0
0.12938 0.0
0.12962 0.0
0.12986 0.0
0.13011 0.0
0.13035 0.0
0.1306 0.0
0.13084 0.0
0.13108 0.0
0.13133 0.0
0.13157 0.0
0.13182 0.0
0.13206 0.0
0.13231 0.0
0.13255 0.0
0.13279 0.0
0.13304 0.0
0.13328 0.0
0.13353 0.0
0.13377 0.0
0.13401 0.0
0.13426 0.0
0.1345 0.0
0.13475 0.0
0.13499 0.0
0.13523 0.0
0.13548 0.0
0.13572 0.0
