t strain*1e23
-0.33337 11.0
-0.33313 10.8
-0.33289 10.5
-0.33264 10.3
-0.3324 10.1
-0.33215 9.8
-0.33191 9.5
-0.33167 9.2
-0.33142 8.9
-0.33118 8.6
-0.33093 8.3
-0.33069 8.0
-0.33044 7.6
-0.3302 7.3
-0.32996 6.9
-0.32971 6.6
-0.32947 6.2
-0.32922 5.8
-0.32898 5.4
-0.32874 5.0
-0.32849 4.6
-0.32825 4.2
-0.328 3.8
-0.32776 3.4
-0.32751 3.0
-0.32727 2.6
-0.32703 2.2
-0.32678 1.7
-0.32654 1.3
-0.32629 0.9
-0.32605 0.4
-0.32581 0.0
-0.32556 -0.4
-0.32532 -0.9
-0.32507 -1.3
-0.32483 -1.7
-0.32458 -2.2
-0.32434 -2.6
-0.3241 -3.0
-0.32385 -3.4
-0.32361 -3.9
-0.32336 -4.3
-0.32312 -4.7
-0.32288 -5.1
-0.32263 -5.5
-0.32239 -5.9
-0.32214 -6.3
-0.3219 -6.6
-0.32166 -7.0
-0.32141 -7.4
-0.32117 -7.7
-0.32092 -8.1
-0.32068 -8.4
-0.32043 -8.7
-0.32019 -9.0
-0.31995 -9.3
-0.3197 -9.6
-0.31946 -9.9
-0.31921 -10.2
-0.31897 -10.5
-0.31873 -10.7
-0.31848 -10.9
-0.31824 -11.2
-0.31799 -11.4
-0.31775 -11.6
-0.3175 -11.7
-0.31726 -11.9
-0.31702 -12.1
-0.31677 -12.2
-0.31653 -12.3
-0.31628 -12.4
-0.31604 -12.5
-0.3158 -12.6
-0.31555 -12.7
-0.31531 -12.7
-0.31506 -12.7
-0.31482 -12.8
-0.31458 -12.8
-0.31433 -12.8
-0.31409 -12.7
-0.31384 -12.7
-0.3136 -12.6
-0.31335 -12.6
-0.31311 -12.5
-0.31287 -12.4
-0.31262 -12.2
-0.31238 -12.1
-0.31213 -12.0
-0.31189 -11.8
-0.31165 -11.6
-0.3114 -11.4
-0.31116 -11.2
-0.31091 -11.0
-0.31067 -10.8
-0.31042 -10.5
-0.31018 -10.3
-0.30994 -10.0
-0.30969 -9.7
-0.30945 -9.4
-0.3092 -9.1
-0.30896 -8.8
-0.30872 -8.5
-0.30847 -8.1
-0.30823 -7.8
-0.30798 -7.4
-0.30774 -7.0
-0.3075 -6.7
-0.30725 -6.3
-0.30701 -5.9
-0.30676 -5.5
-0.30652 -5.1
-0.30627 -4.7
-0.30603 -4.2
-0.30579 -3.8
-0.30554 -3.4
-0.3053 -2.9
-0.30505 -2.5
-0.30481 -2.1
-0.30457 -1.6
-0.30432 -1.2
-0.30408 -0.7
-0.30383 -0.3
-0.30359 0.2
-0.30334 0.6
-0.3031 1.1
-0.30286 1.5
-0.30261 2.0
-0.30237 2.4
-0.30212 2.9
-0.30188 3.3
-0.30164 3.8
-0.30139 4.2
-0.30115 4.6
-0.3009 5.0
-0.30066 5.5
-0.30042 5.9
-0.30017 6.3
-0.29993 6.7
-0.29968 7.1
-0.29944 7.4
-0.29919 7.8
-0.29895 8.2
-0.29871 8.5
-0.29846 8.8
-0.29822 9.2
-0.29797 9.5
-0.29773 9.8
-0.29749 10.1
-0.29724 10.4
-0.297 10.6
-0.29675 10.9
-0.29651 11.1
-0.29626 11.4
-0.29602 11.6
-0.29578 11.8
-0.29553 12.0
-0.29529 12.1
-0.29504 12.3
-0.2948 12.4
-0.29456 12.6
-0.29431 12.7
-0.29407 12.8
-0.29382 12.8
-0.29358 12.9
-0.29333 12.9
-0.29309 13.0
-0.29285 13.0
-0.2926 13.0
-0.29236 12.9
-0.29211 12.9
-0.29187 12.9
-0.29163 12.8
-0.29138 12.7
-0.29114 12.6
-0.29089 12.5
-0.29065 12.3
-0.29041 12.2
-0.29016 12.0
-0.28992 11.8
-0.28967 11.6
-0.28943 11.4
-0.28918 11.2
-0.28894 11.0
-0.2887 10.7
-0.28845 10.4
-0.28821 10.2
-0.28796 9.9
-0.28772 9.6
-0.28748 9.2
-0.28723 8.9
-0.28699 8.6
-0.28674 8.2
-0.2865 7.8
-0.28625 7.5
-0.28601 7.1
-0.28577 6.7
-0.28552 6.3
-0.28528 5.9
-0.28503 5.4
-0.28479 5.0
-0.28455 4.6
-0.2843 4.1
-0.28406 3.7
-0.28381 3.2
-0.28357 2.8
-0.28333 2.3
-0.28308 1.9
-0.28284 1.4
-0.28259 0.9
-0.28235 0.5
-0.2821 0.0
-0.28186 -0.5
-0.28162 -1.0
-0.28137 -1.4
-0.28113 -1.9
-0.28088 -2.4
-0.28064 -2.8
-0.2804 -3.3
-0.28015 -3.7
-0.27991 -4.2
-0.27966 -4.6
-0.27942 -5.1
-0.27917 -5.5
-0.27893 -5.9
-0.27869 -6.4
-0.27844 -6.8
-0.2782 -7.2
-0.27795 -7.6
-0.27771 -7.9
-0.27747 -8.3
-0.27722 -8.7
-0.27698 -9.0
-0.27673 -9.4
-0.27649 -9.7
-0.27625 -10.0
-0.276 -10.3
-0.27576 -10.6
-0.27551 -10.9
-0.27527 -11.2
-0.27502 -11.4
-0.27478 -11.6
-0.27454 -11.9
-0.27429 -12.1
-0.27405 -12.2
-0.2738 -12.4
-0.27356 -12.6
-0.27332 -12.7
-0.27307 -12.8
-0.27283 -12.9
-0.27258 -13.0
-0.27234 -13.1
-0.27209 -13.1
-0.27185 -13.2
-0.27161 -13.2
-0.27136 -13.2
-0.27112 -13.2
-0.27087 -13.1
-0.27063 -13.1
-0.27039 -13.0
-0.27014 -12.9
-0.2699 -12.8
-0.26965 -12.7
-0.26941 -12.6
-0.26917 -12.4
-0.26892 -12.2
-0.26868 -12.0
-0.26843 -11.8
-0.26819 -11.6
-0.26794 -11.4
-0.2677 -11.1
-0.26746 -10.9
-0.26721 -10.6
-0.26697 -10.3
-0.26672 -10.0
-0.26648 -9.6
-0.26624 -9.3
-0.26599 -9.0
-0.26575 -8.6
-0.2655 -8.2
-0.26526 -7.8
-0.26501 -7.4
-0.26477 -7.0
-0.26453 -6.6
-0.26428 -6.2
-0.26404 -5.8
-0.26379 -5.3
-0.26355 -4.9
-0.26331 -4.4
-0.26306 -3.9
-0.26282 -3.5
-0.26257 -3.0
-0.26233 -2.5
-0.26208 -2.0
-0.26184 -1.5
-0.2616 -1.1
-0.26135 -0.6
-0.26111 0.0
-0.26086 0.4
-0.26062 0.9
-0.26038 1.4
-0.26013 1.9
-0.25989 2.4
-0.25964 2.9
-0.2594 3.3
-0.25916 3.8
-0.25891 4.3
-0.25867 4.8
-0.25842 5.2
-0.25818 5.7
-0.25793 6.1
-0.25769 6.5
-0.25745 7.0
-0.2572 7.4
-0.25696 7.8
-0.25671 8.2
-0.25647 8.6
-0.25623 9.0
-0.25598 9.3
-0.25574 9.7
-0.25549 10.0
-0.25525 10.3
-0.255 10.7
-0.25476 11.0
-0.25452 11.2
-0.25427 11.5
-0.25403 11.8
-0.25378 12.0
-0.25354 12.2
-0.2533 12.4
-0.25305 12.6
-0.25281 12.8
-0.25256 12.9
-0.25232 13.0
-0.25208 13.1
-0.25183 13.2
-0.25159 13.3
-0.25134 13.4
-0.2511 13.4
-0.25085 13.4
-0.25061 13.4
-0.25037 13.4
-0.25012 13.4
-0.24988 13.3
-0.24963 13.2
-0.24939 13.2
-0.24915 13.0
-0.2489 12.9
-0.24866 12.8
-0.24841 12.6
-0.24817 12.4
-0.24792 12.2
-0.24768 12.0
-0.24744 11.8
-0.24719 11.5
-0.24695 11.2
-0.2467 10.9
-0.24646 10.6
-0.24622 10.3
-0.24597 10.0
-0.24573 9.6
-0.24548 9.3
-0.24524 8.9
-0.245 8.5
-0.24475 8.1
-0.24451 7.7
-0.24426 7.3
-0.24402 6.9
-0.24377 6.4
-0.24353 6.0
-0.24329 5.5
-0.24304 5.0
-0.2428 4.6
-0.24255 4.1
-0.24231 3.6
-0.24207 3.1
-0.24182 2.6
-0.24158 2.1
-0.24133 1.6
-0.24109 1.1
-0.24084 0.5
-0.2406 0.0
-0.24036 -0.5
-0.24011 -1.0
-0.23987 -1.5
-0.23962 -2.0
-0.23938 -2.5
-0.23914 -3.0
-0.23889 -3.5
-0.23865 -4.0
-0.2384 -4.5
-0.23816 -5.0
-0.23792 -5.5
-0.23767 -6.0
-0.23743 -6.4
-0.23718 -6.9
-0.23694 -7.3
-0.23669 -7.8
-0.23645 -8.2
-0.23621 -8.6
-0.23596 -9.0
-0.23572 -9.4
-0.23547 -9.8
-0.23523 -10.1
-0.23499 -10.5
-0.23474 -10.8
-0.2345 -11.1
-0.23425 -11.4
-0.23401 -11.7
-0.23376 -11.9
-0.23352 -12.2
-0.23328 -12.4
-0.23303 -12.6
-0.23279 -12.8
-0.23254 -13.0
-0.2323 -13.2
-0.23206 -13.3
-0.23181 -13.4
-0.23157 -13.5
-0.23132 -13.6
-0.23108 -13.6
-0.23083 -13.7
-0.23059 -13.7
-0.23035 -13.7
-0.2301 -13.7
-0.22986 -13.6
-0.22961 -13.5
-0.22937 -13.5
-0.22913 -13.4
-0.22888 -13.2
-0.22864 -13.1
-0.22839 -12.9
-0.22815 -12.7
-0.22791 -12.5
-0.22766 -12.3
-0.22742 -12.1
-0.22717 -11.8
-0.22693 -11.5
-0.22668 -11.2
-0.22644 -10.9
-0.2262 -10.6
-0.22595 -10.3
-0.22571 -9.9
-0.22546 -9.5
-0.22522 -9.1
-0.22498 -8.7
-0.22473 -8.3
-0.22449 -7.9
-0.22424 -7.4
-0.224 -7.0
-0.22375 -6.5
-0.22351 -6.0
-0.22327 -5.5
-0.22302 -5.0
-0.22278 -4.5
-0.22253 -4.0
-0.22229 -3.5
-0.22205 -3.0
-0.2218 -2.5
-0.22156 -1.9
-0.22131 -1.4
-0.22107 -0.9
-0.22083 -0.3
-0.22058 0.2
-0.22034 0.8
-0.22009 1.3
-0.21985 1.8
-0.2196 2.4
-0.21936 2.9
-0.21912 3.4
-0.21887 4.0
-0.21863 4.5
-0.21838 5.0
-0.21814 5.5
-0.2179 6.0
-0.21765 6.5
-0.21741 7.0
-0.21716 7.4
-0.21692 7.9
-0.21667 8.3
-0.21643 8.8
-0.21619 9.2
-0.21594 9.6
-0.2157 10.0
-0.21545 10.3
-0.21521 10.7
-0.21497 11.1
-0.21472 11.4
-0.21448 11.7
-0.21423 12.0
-0.21399 12.3
-0.21375 12.5
-0.2135 12.7
-0.21326 13.0
-0.21301 13.2
-0.21277 13.3
-0.21252 13.5
-0.21228 13.6
-0.21204 13.7
-0.21179 13.8
-0.21155 13.9
-0.2113 13.9
-0.21106 14.0
-0.21082 14.0
-0.21057 13.9
-0.21033 13.9
-0.21008 13.8
-0.20984 13.8
-0.20959 13.6
-0.20935 13.5
-0.20911 13.4
-0.20886 13.2
-0.20862 13.0
-0.20837 12.8
-0.20813 12.6
-0.20789 12.3
-0.20764 12.0
-0.2074 11.7
-0.20715 11.4
-0.20691 11.1
-0.20667 10.8
-0.20642 10.4
-0.20618 10.0
-0.20593 9.6
-0.20569 9.2
-0.20544 8.8
-0.2052 8.3
-0.20496 7.9
-0.20471 7.4
-0.20447 6.9
-0.20422 6.4
-0.20398 5.9
-0.20374 5.4
-0.20349 4.9
-0.20325 4.3
-0.203 3.8
-0.20276 3.2
-0.20251 2.7
-0.20227 2.1
-0.20203 1.6
-0.20178 1.0
-0.20154 0.4
-0.20129 -0.1
-0.20105 -0.7
-0.20081 -1.3
-0.20056 -1.8
-0.20032 -2.4
-0.20007 -3.0
-0.19983 -3.5
-0.19958 -4.1
-0.19934 -4.6
-0.1991 -5.2
-0.19885 -5.7
-0.19861 -6.2
-0.19836 -6.7
-0.19812 -7.2
-0.19788 -7.7
-0.19763 -8.2
-0.19739 -8.7
-0.19714 -9.1
-0.1969 -9.5
-0.19666 -10.0
-0.19641 -10.4
-0.19617 -10.8
-0.19592 -11.1
-0.19568 -11.5
-0.19543 -11.8
-0.19519 -12.1
-0.19495 -12.4
-0.1947 -12.7
-0.19446 -13.0
-0.19421 -13.2
-0.19397 -13.4
-0.19373 -13.6
-0.19348 -13.8
-0.19324 -13.9
-0.19299 -14.0
-0.19275 -14.1
-0.1925 -14.2
-0.19226 -14.2
-0.19202 -14.3
-0.19177 -14.3
-0.19153 -14.2
-0.19128 -14.2
-0.19104 -14.1
-0.1908 -14.0
-0.19055 -13.9
-0.19031 -13.8
-0.19006 -13.6
-0.18982 -13.4
-0.18958 -13.2
-0.18933 -13.0
-0.18909 -12.7
-0.18884 -12.4
-0.1886 -12.1
-0.18835 -11.8
-0.18811 -11.5
-0.18787 -11.1
-0.18762 -10.7
-0.18738 -10.3
-0.18713 -9.9
-0.18689 -9.5
-0.18665 -9.0
-0.1864 -8.6
-0.18616 -8.1
-0.18591 -7.6
-0.18567 -7.1
-0.18542 -6.6
-0.18518 -6.0
-0.18494 -5.5
-0.18469 -4.9
-0.18445 -4.4
-0.1842 -3.8
-0.18396 -3.2
-0.18372 -2.6
-0.18347 -2.0
-0.18323 -1.4
-0.18298 -0.8
-0.18274 -0.2
-0.1825 0.4
-0.18225 1.0
-0.18201 1.6
-0.18176 2.2
-0.18152 2.8
-0.18127 3.3
-0.18103 3.9
-0.18079 4.5
-0.18054 5.1
-0.1803 5.6
-0.18005 6.2
-0.17981 6.7
-0.17957 7.3
-0.17932 7.8
-0.17908 8.3
-0.17883 8.8
-0.17859 9.3
-0.17834 9.7
-0.1781 10.2
-0.17786 10.6
-0.17761 11.0
-0.17737 11.4
-0.17712 11.8
-0.17688 12.1
-0.17664 12.5
-0.17639 12.8
-0.17615 13.1
-0.1759 13.3
-0.17566 13.6
-0.17542 13.8
-0.17517 14.0
-0.17493 14.1
-0.17468 14.3
-0.17444 14.4
-0.17419 14.5
-0.17395 14.5
-0.17371 14.6
-0.17346 14.6
-0.17322 14.6
-0.17297 14.5
-0.17273 14.5
-0.17249 14.4
-0.17224 14.3
-0.172 14.1
-0.17175 13.9
-0.17151 13.7
-0.17126 13.5
-0.17102 13.3
-0.17078 13.0
-0.17053 12.7
-0.17029 12.4
-0.17004 12.1
-0.1698 11.7
-0.16956 11.3
-0.16931 10.9
-0.16907 10.5
-0.16882 10.0
-0.16858 9.6
-0.16833 9.1
-0.16809 8.6
-0.16785 8.1
-0.1676 7.5
-0.16736 7.0
-0.16711 6.4
-0.16687 5.9
-0.16663 5.3
-0.16638 4.7
-0.16614 4.1
-0.16589 3.5
-0.16565 2.8
-0.16541 2.2
-0.16516 1.6
-0.16492 1.0
-0.16467 0.3
-0.16443 -0.3
-0.16418 -1.0
-0.16394 -1.6
-0.1637 -2.2
-0.16345 -2.9
-0.16321 -3.5
-0.16296 -4.1
-0.16272 -4.7
-0.16248 -5.3
-0.16223 -5.9
-0.16199 -6.5
-0.16174 -7.1
-0.1615 -7.6
-0.16125 -8.2
-0.16101 -8.7
-0.16077 -9.2
-0.16052 -9.7
-0.16028 -10.2
-0.16003 -10.7
-0.15979 -11.1
-0.15955 -11.6
-0.1593 -12.0
-0.15906 -12.3
-0.15881 -12.7
-0.15857 -13.0
-0.15833 -13.3
-0.15808 -13.6
-0.15784 -13.9
-0.15759 -14.1
-0.15735 -14.3
-0.1571 -14.5
-0.15686 -14.6
-0.15662 -14.7
-0.15637 -14.8
-0.15613 -14.9
-0.15588 -14.9
-0.15564 -14.9
-0.1554 -14.9
-0.15515 -14.9
-0.15491 -14.8
-0.15466 -14.7
-0.15442 -14.5
-0.15417 -14.4
-0.15393 -14.2
-0.15369 -14.0
-0.15344 -13.7
-0.1532 -13.4
-0.15295 -13.1
-0.15271 -12.8
-0.15247 -12.5
-0.15222 -12.1
-0.15198 -11.7
-0.15173 -11.2
-0.15149 -10.8
-0.15125 -10.3
-0.151 -9.8
-0.15076 -9.3
-0.15051 -8.8
-0.15027 -8.2
-0.15002 -7.7
-0.14978 -7.1
-0.14954 -6.5
-0.14929 -5.9
-0.14905 -5.2
-0.1488 -4.6
-0.14856 -4.0
-0.14832 -3.3
-0.14807 -2.6
-0.14783 -2.0
-0.14758 -1.3
-0.14734 -0.6
-0.14709 0.0
-0.14685 0.7
-0.14661 1.4
-0.14636 2.1
-0.14612 2.8
-0.14587 3.4
-0.14563 4.1
-0.14539 4.7
-0.14514 5.4
-0.1449 6.0
-0.14465 6.7
-0.14441 7.3
-0.14417 7.9
-0.14392 8.4
-0.14368 9.0
-0.14343 9.6
-0.14319 10.1
-0.14294 10.6
-0.1427 11.1
-0.14246 11.6
-0.14221 12.0
-0.14197 12.4
-0.14172 12.8
-0.14148 13.2
-0.14124 13.5
-0.14099 13.8
-0.14075 14.1
-0.1405 14.4
-0.14026 14.6
-0.14001 14.8
-0.13977 15.0
-0.13953 15.1
-0.13928 15.2
-0.13904 15.3
-0.13879 15.3
-0.13855 15.3
-0.13831 15.3
-0.13806 15.3
-0.13782 15.2
-0.13757 15.1
-0.13733 14.9
-0.13708 14.7
-0.13684 14.5
-0.1366 14.3
-0.13635 14.0
-0.13611 13.7
-0.13586 13.4
-0.13562 13.0
-0.13538 12.6
-0.13513 12.2
-0.13489 11.7
-0.13464 11.3
-0.1344 10.8
-0.13416 10.3
-0.13391 9.7
-0.13367 9.1
-0.13342 8.6
-0.13318 8.0
-0.13293 7.3
-0.13269 6.7
-0.13245 6.0
-0.1322 5.4
-0.13196 4.7
-0.13171 4.0
-0.13147 3.3
-0.13123 2.6
-0.13098 1.9
-0.13074 1.2
-0.13049 0.4
-0.13025 -0.3
-0.13 -1.0
-0.12976 -1.7
-0.12952 -2.5
-0.12927 -3.2
-0.12903 -3.9
-0.12878 -4.6
-0.12854 -5.3
-0.1283 -6.0
-0.12805 -6.7
-0.12781 -7.3
-0.12756 -8.0
-0.12732 -8.6
-0.12708 -9.2
-0.12683 -9.8
-0.12659 -10.4
-0.12634 -10.9
-0.1261 -11.4
-0.12585 -11.9
-0.12561 -12.4
-0.12537 -12.9
-0.12512 -13.3
-0.12488 -13.7
-0.12463 -14.0
-0.12439 -14.4
-0.12415 -14.7
-0.1239 -14.9
-0.12366 -15.1
-0.12341 -15.3
-0.12317 -15.5
-0.12292 -15.6
-0.12268 -15.7
-0.12244 -15.8
-0.12219 -15.8
-0.12195 -15.8
-0.1217 -15.7
-0.12146 -15.6
-0.12122 -15.5
-0.12097 -15.4
-0.12073 -15.2
-0.12048 -14.9
-0.12024 -14.7
-0.12 -14.4
-0.11975 -14.0
-0.11951 -13.7
-0.11926 -13.3
-0.11902 -12.8
-0.11877 -12.4
-0.11853 -11.9
-0.11829 -11.4
-0.11804 -10.8
-0.1178 -10.2
-0.11755 -9.7
-0.11731 -9.0
-0.11707 -8.4
-0.11682 -7.7
-0.11658 -7.0
-0.11633 -6.3
-0.11609 -5.6
-0.11584 -4.9
-0.1156 -4.1
-0.11536 -3.4
-0.11511 -2.6
-0.11487 -1.9
-0.11462 -1.1
-0.11438 -0.3
-0.11414 0.5
-0.11389 1.3
-0.11365 2.1
-0.1134 2.8
-0.11316 3.6
-0.11292 4.4
-0.11267 5.1
-0.11243 5.9
-0.11218 6.6
-0.11194 7.3
-0.11169 8.0
-0.11145 8.7
-0.11121 9.4
-0.11096 10.0
-0.11072 10.6
-0.11047 11.2
-0.11023 11.8
-0.10999 12.3
-0.10974 12.8
-0.1095 13.3
-0.10925 13.8
-0.10901 14.2
-0.10876 14.6
-0.10852 14.9
-0.10828 15.2
-0.10803 15.5
-0.10779 15.7
-0.10754 15.9
-0.1073 16.1
-0.10706 16.2
-0.10681 16.3
-0.10657 16.3
-0.10632 16.3
-0.10608 16.2
-0.10583 16.2
-0.10559 16.0
-0.10535 15.9
-0.1051 15.6
-0.10486 15.4
-0.10461 15.1
-0.10437 14.8
-0.10413 14.4
-0.10388 14.0
-0.10364 13.6
-0.10339 13.1
-0.10315 12.6
-0.10291 12.0
-0.10266 11.5
-0.10242 10.9
-0.10217 10.2
-0.10193 9.6
-0.10168 8.9
-0.10144 8.2
-0.1012 7.4
-0.10095 6.7
-0.10071 5.9
-0.10046 5.1
-0.10022 4.3
-0.09998 3.5
-0.09973 2.7
-0.09949 1.8
-0.09924 1.0
-0.099 0.1
-0.09875 -0.7
-0.09851 -1.6
-0.09827 -2.4
-0.09802 -3.3
-0.09778 -4.1
-0.09753 -4.9
-0.09729 -5.8
-0.09705 -6.6
-0.0968 -7.3
-0.09656 -8.1
-0.09631 -8.9
-0.09607 -9.6
-0.09583 -10.3
-0.09558 -11.0
-0.09534 -11.6
-0.09509 -12.2
-0.09485 -12.8
-0.0946 -13.4
-0.09436 -13.9
-0.09412 -14.4
-0.09387 -14.8
-0.09363 -15.2
-0.09338 -15.6
-0.09314 -15.9
-0.0929 -16.2
-0.09265 -16.4
-0.09241 -16.6
-0.09216 -16.7
-0.09192 -16.8
-0.09167 -16.9
-0.09143 -16.9
-0.09119 -16.8
-0.09094 -16.7
-0.0907 -16.6
-0.09045 -16.4
-0.09021 -16.2
-0.08997 -15.9
-0.08972 -15.6
-0.08948 -15.2
-0.08923 -14.8
-0.08899 -14.4
-0.08875 -13.9
-0.0885 -13.3
-0.08826 -12.7
-0.08801 -12.1
-0.08777 -11.5
-0.08752 -10.8
-0.08728 -10.1
-0.08704 -9.3
-0.08679 -8.6
-0.08655 -7.8
-0.0863 -6.9
-0.08606 -6.1
-0.08582 -5.2
-0.08557 -4.3
-0.08533 -3.4
-0.08508 -2.5
-0.08484 -1.6
-0.08459 -0.7
-0.08435 0.2
-0.08411 1.2
-0.08386 2.1
-0.08362 3.0
-0.08337 4.0
-0.08313 4.9
-0.08289 5.8
-0.08264 6.7
-0.0824 7.5
-0.08215 8.4
-0.08191 9.2
-0.08167 10.0
-0.08142 10.8
-0.08118 11.5
-0.08093 12.2
-0.08069 12.9
-0.08044 13.5
-0.0802 14.1
-0.07996 14.7
-0.07971 15.2
-0.07947 15.6
-0.07922 16.0
-0.07898 16.4
-0.07874 16.7
-0.07849 17.0
-0.07825 17.2
-0.078 17.4
-0.07776 17.5
-0.07751 17.5
-0.07727 17.5
-0.07703 17.5
-0.07678 17.4
-0.07654 17.2
-0.07629 17.0
-0.07605 16.7
-0.07581 16.4
-0.07556 16.0
-0.07532 15.6
-0.07507 15.1
-0.07483 14.6
-0.07458 14.0
-0.07434 13.4
-0.0741 12.7
-0.07385 12.0
-0.07361 11.2
-0.07336 10.4
-0.07312 9.6
-0.07288 8.7
-0.07263 7.9
-0.07239 6.9
-0.07214 6.0
-0.0719 5.0
-0.07166 4.0
-0.07141 3.0
-0.07117 2.0
-0.07092 1.0
-0.07068 0.0
-0.07043 -1.1
-0.07019 -2.1
-0.06995 -3.1
-0.0697 -4.2
-0.06946 -5.2
-0.06921 -6.2
-0.06897 -7.1
-0.06873 -8.1
-0.06848 -9.0
-0.06824 -9.9
-0.06799 -10.8
-0.06775 -11.7
-0.0675 -12.5
-0.06726 -13.2
-0.06702 -13.9
-0.06677 -14.6
-0.06653 -15.2
-0.06628 -15.8
-0.06604 -16.3
-0.0658 -16.8
-0.06555 -17.2
-0.06531 -17.5
-0.06506 -17.8
-0.06482 -18.0
-0.06458 -18.2
-0.06433 -18.3
-0.06409 -18.3
-0.06384 -18.3
-0.0636 -18.2
-0.06335 -18.0
-0.06311 -17.8
-0.06287 -17.5
-0.06262 -17.2
-0.06238 -16.7
-0.06213 -16.3
-0.06189 -15.7
-0.06165 -15.1
-0.0614 -14.4
-0.06116 -13.7
-0.06091 -13.0
-0.06067 -12.1
-0.06042 -11.3
-0.06018 -10.4
-0.05994 -9.4
-0.05969 -8.4
-0.05945 -7.4
-0.0592 -6.3
-0.05896 -5.2
-0.05872 -4.1
-0.05847 -3.0
-0.05823 -1.9
-0.05798 -0.7
-0.05774 0.5
-0.0575 1.6
-0.05725 2.8
-0.05701 3.9
-0.05676 5.1
-0.05652 6.2
-0.05627 7.3
-0.05603 8.4
-0.05579 9.5
-0.05554 10.5
-0.0553 11.5
-0.05505 12.4
-0.05481 13.3
-0.05457 14.2
-0.05432 15.0
-0.05408 15.7
-0.05383 16.4
-0.05359 17.0
-0.05334 17.5
-0.0531 18.0
-0.05286 18.4
-0.05261 18.7
-0.05237 19.0
-0.05212 19.2
-0.05188 19.3
-0.05164 19.3
-0.05139 19.2
-0.05115 19.1
-0.0509 18.9
-0.05066 18.6
-0.05042 18.2
-0.05017 17.7
-0.04993 17.2
-0.04968 16.6
-0.04944 15.9
-0.04919 15.1
-0.04895 14.3
-0.04871 13.4
-0.04846 12.5
-0.04822 11.5
-0.04797 10.4
-0.04773 9.3
-0.04749 8.1
-0.04724 6.9
-0.047 5.7
-0.04675 4.4
-0.04651 3.1
-0.04626 1.8
-0.04602 0.5
-0.04578 -0.8
-0.04553 -2.2
-0.04529 -3.5
-0.04504 -4.8
-0.0448 -6.1
-0.04456 -7.4
-0.04431 -8.7
-0.04407 -9.9
-0.04382 -11.1
-0.04358 -12.2
-0.04333 -13.3
-0.04309 -14.3
-0.04285 -15.3
-0.0426 -16.2
-0.04236 -17.0
-0.04211 -17.7
-0.04187 -18.4
-0.04163 -19.0
-0.04138 -19.5
-0.04114 -19.9
-0.04089 -20.2
-0.04065 -20.4
-0.04041 -20.5
-0.04016 -20.5
-0.03992 -20.4
-0.03967 -20.2
-0.03943 -19.9
-0.03918 -19.5
-0.03894 -18.9
-0.0387 -18.3
-0.03845 -17.6
-0.03821 -16.8
-0.03796 -16.0
-0.03772 -15.0
-0.03748 -13.9
-0.03723 -12.8
-0.03699 -11.6
-0.03674 -10.3
-0.0365 -8.9
-0.03625 -7.5
-0.03601 -6.1
-0.03577 -4.6
-0.03552 -3.1
-0.03528 -1.5
-0.03503 0.0
-0.03479 1.6
-0.03455 3.2
-0.0343 4.7
-0.03406 6.3
-0.03381 7.8
-0.03357 9.3
-0.03333 10.7
-0.03308 12.1
-0.03284 13.5
-0.03259 14.7
-0.03235 15.9
-0.0321 17.0
-0.03186 18.0
-0.03162 18.9
-0.03137 19.7
-0.03113 20.4
-0.03088 21.0
-0.03064 21.4
-0.0304 21.7
-0.03015 21.9
-0.02991 22.0
-0.02966 21.9
-0.02942 21.7
-0.02917 21.3
-0.02893 20.9
-0.02869 20.2
-0.02844 19.5
-0.0282 18.6
-0.02795 17.6
-0.02771 16.4
-0.02747 15.2
-0.02722 13.8
-0.02698 12.4
-0.02673 10.8
-0.02649 9.2
-0.02625 7.4
-0.026 5.7
-0.02576 3.8
-0.02551 2.0
-0.02527 0.0
-0.02502 -1.9
-0.02478 -3.8
-0.02454 -5.7
-0.02429 -7.6
-0.02405 -9.4
-0.0238 -11.2
-0.02356 -13.0
-0.02332 -14.6
-0.02307 -16.2
-0.02283 -17.6
-0.02258 -18.9
-0.02234 -20.1
-0.02209 -21.2
-0.02185 -22.1
-0.02161 -22.8
-0.02136 -23.4
-0.02112 -23.8
-0.02087 -24.0
-0.02063 -24.0
-0.02039 -23.8
-0.02014 -23.4
-0.0199 -22.8
-0.01965 -22.0
-0.01941 -21.1
-0.01917 -19.9
-0.01892 -18.6
-0.01868 -17.0
-0.01843 -15.4
-0.01819 -13.5
-0.01794 -11.5
-0.0177 -9.4
-0.01746 -7.2
-0.01721 -4.9
-0.01697 -2.5
-0.01672 -0.1
-0.01648 2.4
-0.01624 4.8
-0.01599 7.3
-0.01575 9.7
-0.0155 12.0
-0.01526 14.3
-0.01501 16.4
-0.01477 18.4
-0.01453 20.2
-0.01428 21.9
-0.01404 23.3
-0.01379 24.5
-0.01355 25.5
-0.01331 26.2
-0.01306 26.6
-0.01282 26.7
-0.01257 26.5
-0.01233 26.0
-0.01208 25.2
-0.01184 24.0
-0.0116 22.6
-0.01135 20.9
-0.01111 18.8
-0.01086 16.5
-0.01062 14.0
-0.01038 11.2
-0.01013 8.2
-0.00989 5.1
-0.00964 1.9
-0.0094 -1.5
-0.00916 -4.9
-0.00891 -8.2
-0.00867 -11.6
-0.00842 -14.8
-0.00818 -17.8
-0.00793 -20.6
-0.00769 -23.2
-0.00745 -25.4
-0.0072 -27.3
-0.00696 -28.8
-0.00671 -29.8
-0.00647 -30.3
-0.00623 -30.2
-0.00598 -29.7
-0.00574 -28.5
-0.00549 -26.8
-0.00525 -24.6
-0.005 -21.7
-0.00476 -18.4
-0.00452 -14.6
-0.00427 -10.4
-0.00403 -5.8
-0.00378 -1.0
-0.00354 3.9
-0.0033 9.0
-0.00305 13.9
-0.00281 18.6
-0.00256 23.0
-0.00232 26.9
-0.00208 30.1
-0.00183 32.5
-0.00159 34.0
-0.00134 34.5
-0.0011 33.9
-0.00085 32.0
-0.00061 28.8
-0.00037 24.5
-0.00012 19.0
0.00012 12.6
0.00037 5.4
0.00061 -2.1
0.00085 -9.6
0.0011 -16.7
0.00134 -23.0
0.00159 -28.1
0.00183 -31.5
0.00208 -33.1
0.00232 -32.6
0.00256 -30.1
0.00281 -25.7
0.00305 -19.7
0.0033 -12.5
0.00354 -4.7
0.00378 3.1
0.00403 10.4
0.00427 16.6
0.00452 21.2
0.00476 24.0
0.005 24.7
0.00525 23.4
0.00549 20.4
0.00574 15.9
0.00598 10.4
0.00623 4.5
0.00647 -1.4
0.00671 -6.7
0.00696 -11.0
0.0072 -14.0
0.00745 -15.5
0.00769 -15.6
0.00793 -14.2
0.00818 -11.8
0.00842 -8.5
0.00867 -4.7
0.00891 -0.9
0.00916 2.7
0.0094 5.7
0.00964 7.9
0.00989 9.1
0.01013 9.4
0.01038 8.8
0.01062 7.4
0.01086 5.5
0.01111 3.2
0.01135 0.9
0.0116 -1.3
0.01184 -3.2
0.01208 -4.6
0.01233 -5.4
0.01257 -5.6
0.01282 -5.3
0.01306 -4.5
0.01331 -3.3
0.01355 -2.0
0.01379 -0.5
0.01404 0.8
0.01428 1.9
0.01453 2.8
0.01477 3.2
0.01501 3.4
0.01526 3.2
0.0155 2.7
0.01575 2.0
0.01599 1.1
0.01624 0.3
0.01648 -0.5
0.01672 -1.2
0.01697 -1.7
0.01721 -2.0
0.01746 -2.0
0.0177 -1.9
0.01794 -1.6
0.01819 -1.2
0.01843 -0.6
0.01868 -0.1
0.01892 0.4
0.01917 0.8
0.01941 1.0
0.01965 1.2
0.0199 1.2
0.02014 1.1
0.02039 0.9
0.02063 0.7
0.02087 0.4
0.02112 0.0
0.02136 -0.2
0.02161 -0.5
0.02185 -0.6
0.02209 -0.7
0.02234 -0.7
0.02258 -0.7
0.02283 -0.6
0.02307 -0.4
0.02332 -0.2
0.02356 0.0
0.0238 0.2
0.02405 0.3
0.02429 0.4
0.02454 0.5
0.02478 0.5
0.02502 0.4
0.02527 0.3
0.02551 0.2
0.02576 0.1
0.026 0.0
0.02625 -0.1
0.02649 -0.2
0.02673 -0.2
0.02698 -0.3
0.02722 -0.3
0.02747 -0.2
0.02771 -0.2
0.02795 -0.1
0.0282 0.0
0.02844 0.0
0.02869 0.0
0.02893 0.1
0.02917 0.2
0.02942 0.2
0.02966 0.2
0.02991 0.1
0.03015 0.1
0.0304 0.0
0.03064 0.0
0.03088 0.0
0.03113 0.0
0.03137 0.0
0.03162 0.0
0.03186 -0.1
0.0321 -0.1
0.03235 0.0
0.03259 0.0
0.03284 0.0
0.03308 0.0
0.03333 0.0
0.03357 0.0
0.03381 0.0
0.03406 0.0
0.0343 0.0
0.03455 0.0
0.03479 0.0
0.03503 0.0
0.03528 0.0
0.03552 0.0
0.03577 0.0
0.03601 0.0
0.03625 0.0
0.0365 0.0
0.03674 0.0
0.03699 0.0
0.03723 0.0
0.03748 0.0
0.03772 0.0
0.03796 0.0
0.03821 0.0
0.03845 0.0
0.0387 0.0
0.03894 0.0
0.03918 0.0
0.03943 0.0
0.03967 0.0
0.03992 0.0
0.04016 0.0
0.04041 0.0
0.04065 0.0
0.04089 0.0
0.04114 0.0
0.04138 0.0
0.04163 0.0
0.04187 0.0
0.04211 0.0
0.04236 0.0
0.0426 0.0
0.04285 0.0
0.04309 0.0
0.04333 0.0
0.04358 0.0
0.04382 0.0
0.04407 0.0
0.04431 0.0
0.04456 0.0
0.0448 0.0
0.04504 0.0
0.04529 0.0
0.04553 0.0
0.04578 0.0
0.04602 0.0
0.04626 0.0
0.04651 0.0
0.04675 0.0
0.047 0.0
0.04724 0.0
0.04749 0.0
0.04773 0.0
0.04797 0.0
0.04822 0.0
0.04846 0.0
0.04871 0.0
0.04895 0.0
0.04919 0.0
0.04944 0.0
0.04968 0.0
0.04993 0.0
0.05017 0.0
0.05042 0.0
0.05066 0.0
0.0509 0.0
0.05115 0.0
0.05139 0.0
0.05164 0.0
0.05188 0.0
0.05212 0.0
0.05237 0.0
0.05261 0.0
0.05286 0.0
0.0531 0.0
0.05334 0.0
0.05359 0.0
0.05383 0.0
0.05408 0.0
0.05432 0.0
0.05457 0.0
0.05481 0.0
0.05505 0.0
0.0553 0.0
0.05554 0.0
0.05579 0.0
0.05603 0.0
0.05627 0.0
0.05652 0.0
0.05676 0.0
0.05701 0.0
0.05725 0.0
0.0575 0.0
0.05774 0.0
0.05798 0.0
0.05823 0.0
0.05847 0.0
0.05872 0.0
0.05896 0.0
0.0592 0.0
0.05945 0.0
0.05969 0.0
0.05994 0.0
0.06018 0.0
0.06042 0.0
0.06067 0.0
0.06091 0.0
0.06116 0.0
0.0614 0.0
0.06165 0.0
0.06189 0.0
0.06213 0.0
0.06238 0.0
0.06262 0.0
0.06287 0.0
0.06311 0.0
0.06335 0.0
0.0636 0.0
0.06384 0.0
0.06409 0.0
0.06433 0.0
0.06458 0.0
0.06482 0.0
0.06506 0.0
0.06531 0.0
0.06555 0.0
0.0658 0.0
0.06604 0.0
0.06628 0.0
0.06653 0.0
0.06677 0.0
0.06702 0.0
0.06726 0.0
0.0675 0.0
0.06775 0.0
0.06799 0.0
0.06824 0.0
0.06848 0.0
0.06873 0.0
0.06897 0.0
0.06921 0.0
0.06946 0.0
0.0697 0.0
0.06995 0.0
0.07019 0.0
0.07043 0.0
0.07068 0.0
0.07092 0.0
0.07117 0.0
0.07141 0.0
0.07166 0.0
0.0719 0.0
0.07214 0.0
0.07239 0.0
0.07263 0.0
0.07288 0.0
0.07312 0.0
0.07336 0.0
0.07361 0.0
0.07385 0.0
0.0741 0.0
0.07434 0.0
0.07458 0.0
0.07483 0.0
0.07507 0.0
0.07532 0.0
0.07556 0.0
0.07581 0.0
0.07605 0.0
0.07629 0.0
0.07654 0.0
0.07678 0.0
0.07703 0.0
0.07727 0.0
0.07751 0.0
0.07776 0.0
0.078 0.0
0.07825 0.0
0.07849 0.0
0.07874 0.0
0.07898 0.0
0.07922 0.0
0.07947 0.0
0.07971 0.0
0.07996 0.0
0.0802 0.0
0.08044 0.0
0.08069 0.0
0.08093 0.0
0.08118 0.0
0.08142 0.0
0.08167 0.0
0.08191 0.0
0.08215 0.0
0.0824 0.0
0.08264 0.0
0.08289 0.0
0.08313 0.0
0.08337 0.0
0.08362 0.0
0.08386 0.0
0.08411 0.0
0.08435 0.0
0.08459 0.0
0.08484 0.0
0.08508 0.0
0.08533 0.0
0.08557 0.0
0.08582 0.0
0.08606 0.0
0.0863 0.0
0.08655 0.0
0.08679 0.0
0.08704 0.0
0.08728 0.0
0.08752 0.0
0.08777 0.0
0.08801 0.0
0.08826 0.0
0.0885 0.0
0.08875 0.0
0.08899 0.0
0.08923 0.0
0.08948 0.0
0.08972 0.0
0.08997 0.0
0.09021 0.0
0.09045 0.0
0.0907 0.0
0.09094 0.0
0.09119 0.0
0.09143 0.0
0.09167 0.0
0.09192 0.0
0.09216 0.0
0.09241 0.0
0.09265 0.0
0.0929 0.0
0.09314 0.0
0.09338 0.0
0.09363 0.0
0.09387 0.0
0.09412 0.0
0.09436 0.0
0.0946 0.0
0.09485 0.0
0.09509 0.0
0.09534 0.0
0.09558 0.0
0.09583 0.0
0.09607 0.0
0.09631 0.0
0.09656 0.0
0.0968 0.0
0.09705 0.0
0.09729 0.0
0.09753 0.0
0.09778 0.0
0.09802 0.0
0.09827 0.0
0.09851 0.0
0.09875 0.0
0.099 0.0
0.09924 0.0
0.09949 0.0
0.09973 0.0
0.09998 0.0
0.10022 0.0
0.10046 0.0
0.10071 0.0
0.10095 0.0
0.1012 0.0
0.10144 0.0
0.10168 0.0
0.10193 0.0
0.10217 0.0
0.10242 0.0
0.10266 0.0
0.10291 0.0
0.10315 0.0
0.10339 0.0
0.10364 0.0
0.10388 0.0
0.10413 0.0
0.10437 0.0
0.10461 0.0
0.10486 0.0
0.1051 0.0
0.10535 0.0
0.10559 0.0
0.10583 0.0
0.10608 0.0
0.10632 0.0
0.10657 0.0
0.10681 0.0
0.10706 0.0
0.1073 0.0
0.10754 0.0
0.10779 0.0
0.10803 0.0
0.10828 0.0
0.10852 0.0
0.10876 0.0
0.10901 0.0
0.10925 0.0
0.1095 0.0
0.10974 0.0
0.10999 0.0
0.11023 0.0
0.11047 0.0
0.11072 0.0
0.11096 0.0
0.11121 0.0
0.11145 0.0
0.11169 0.0
0.11194 0.0
0.11218 0.0
0.11243 0.0
0.11267 0.0
0.11292 0.0
0.11316 0.0
0.1134 0.0
0.11365 0.0
0.11389 0.0
0.11414 0.0
0.11438 0.0
0.11462 0.0
0.11487 0.0
0.11511 0.0
0.11536 0.0
0.1156 0.0
0.11584 0.0
0.11609 0.0
0.11633 0.0
0.11658 0.0
0.11682 0.0
0.11707 0.0
0.11731 0.0
0.11755 0.0
0.1178 0.0
0.11804 0.0
0.11829 0.0
0.11853 0.0
0.11877 0.0
0.11902 0.0
0.11926 0.0
0.11951 0.0
0.11975 0.0
0.12 0.0
0.12024 0.0
0.12048 0.0
0.12073 0.0
0.12097 0.0
0.12122 0.0
0.12146 0.0
0.1217 0.0
0.12195 0.0
0.12219 0.0
0.12244 0.0
0.12268 0.0
0.12292 0.0
0.12317 0.0
0.12341 0.0
0.12366 0.0
0.1239 0.0
0.12415 0.0
0.12439 0.0
0.12463 0.0
0.12488 0.0
0.12512 0.0
0.12537 0.0
0.12561 0.0
0.12585 0.0
0.1261 0.0
0.12634 0.0
0.12659 0.0
0.12683 0.0
0.12708 0.0
0.12732 0.0
0.12756 0.0
0.12781 0.0
0.12805 0.0
0.1283 0.0
0.12854 0.0
0.12878 0.0
0.12903 0.0
0.12927 0.0
0.12952 0.0
0.12976 0.0
0.13 0.0
0.13025 0.0
0.13049 0.0
0.13074 0.0
0.13098 0.0
0.13123 0.0
0.13147 0.0
0.13171 0.0
0.13196 0.0
0.1322 0.0
0.13245 0.0
0.13269 0.0
0.13293 0.0
0.13318 0.0
0.13342 0.0
0.13367 0.0
0.13391 0.0
0.13416 0.0
0.1344 0.0
0.13464 0.0
0.13489 0.0
0.13513 0.0
0.13538 0.0
0.13562 0.0
0.13586 0.0
0.13611 0.0
0.13635 0.0
0.1366 0.0
0.13684 0.0
0.13708 0.0
0.13733 0.0
0.13757 0.0
0.13782 0.0
0.13806 0.0
0.13831 0.0
0.13855 0.0
0.13879 0.0
0.13904 0.0
0.13928 0.0
0.13953 0.0
0.13977 0.0
0.14001 0.0
0.14026 0.0
0.1405 0.0
0.14075 0.0
0.14099 0.0
0.14124 0.0
0.14148 0.0
0.14172 0.0
0.14197 0.0
0.14221 0.0
0.14246 0.0
0.1427 0.0
0.14294 0.0
0.14319 0.0
0.14343 0.0
0.14368 0.0
0.14392 0.0
0.14417 0.0
0.14441 0.0
0.14465 0.0
0.1449 0.0
0.14514 0.0
0.14539 0.0
0.14563 0.0
0.14587 0.0
0.14612 0.0
0.14636 0.0
0.14661 0.0
0.14685 0.0
0.14709 0.0
0.14734 0.0
0.14758 0.0
0.14783 0.0
0.14807 0.0
0.14832 0.0
0.14856 0.0
0.1488 0.0
0.14905 0.0
0.14929 0.0
0.14954 0.0
0.14978 0.0
0.15002 0.0
0.15027 0.0
0.15051 0.0
0.15076 0.0
0.151 0.0
0.15125 0.0
0.15149 0.0
0.15173 0.0
0.15198 0.0
0.15222 0.0
0.15247 0.0
0.15271 0.0
0.15295 0.0
0.1532 0.0
0.15344 0.0
0.15369 0.0
0.15393 0.0
0.15417 0.0
0.15442 0.0
0.15466 0.0
0.15491 0.0
0.15515 0.0
0.1554 0.0
0.15564 0.0
0.15588 0.0
0.15613 0.0
0.15637 0.0
0.15662 0.0
0.15686 0.0
0.1571 0.0
0.15735 0.0
0.15759 0.0
0.15784 0.0
0.15808 0.0
0.15833 0.0
0.15857 0.0
0.15881 0.0
0.15906 0.0
0.1593 0.0
0.15955 0.0
0.15979 0.0
0.16003 0.0
0.16028 0.0
0.16052 0.0
0.16077 0.0
0.16101 0.0
0.16125 0.0
0.1615 0.0
0.16174 0.0
0.16199 0.0
0.16223 0.0
0.16248 0.0
0.16272 0.0
0.16296 0.0
0.16321 0.0
0.16345 0.0
0.1637 0.0
0.16394 0.0
0.16418 0.0
0.16443 0.0
0.16467 0.0
0.16492 0.0
0.16516 0.0
0.16541 0.0
0.16565 0.0
0.16589 0.0
0.16614 0.0
0.16638 0.0
0.16663 0.0
0.16687 0.0
0.16711 0.0
0.16736 0.0
0.1676 0.0
0.16785 0.0
0.16809 0.0
0.16833 0.0
0.16858 0.0
0.16882 0.0
0.16907 0.0
0.16931 0.0
0.16956 0.0
0.1698 0.0
0.17004 0.0
0.17029 0.0
0.17053 0.0
0.17078 0.0
0.17102 0.0
0.17126 0.0
0.17151 0.0
0.17175 0.0
0.172 0.0
0.17224 0.0
0.17249 0.0
0.17273 0.0
0.17297 0.0
0.17322 0.0
0.17346 0.0
0.17371 0.0
0.17395 0.0
0.17419 0.0
0.17444 0.0
0.17468 0.0
0.17493 0.0
0.17517 0.0
0.17542 0.0
0.17566 0.0
0.1759 0.0
0.17615 0.0
0.17639 0.0
0.17664 0.0
0.17688 0.0
0.17712 0.0
0.17737 0.0
0.17761 0.0
0.17786 0.0
0.1781 0.0
0.17834 0.0
0.17859 0.0
0.17883 0.0
0.17908 0.0
0.17932 0.0
0.17957 0.0
0.17981 0.0
0.18005 0.0
0.1803 0.0
0.18054 0.0
0.18079 0.0
0.18103 0.0
0.18127 0.0
0.18152 0.0
0.18176 0.0
0.18201 0.0
0.18225 0.0
0.1825 0.0
0.18274 0.0
0.18298 0.0
0.18323 0.0
0.18347 0.0
0.18372 0.0
0.18396 0.0
0.1842 0.0
0.18445 0.0
0.18469 0.0
0.18494 0.0
0.18518 0.0
0.18542 0.0
0.18567 0.0
0.18591 0.0
0.18616 0.0
0.1864 0.0
0.18665 0.0
0.18689 0.0
0.18713 0.0
0.18738 0.0
0.18762 0.0
0.18787 0.0
0.18811 0.0
0.18835 0.0
0.1886 0.0
0.18884 0.0
0.18909 0.0
0.18933 0.0
0.18958 0.0
0.18982 0.0
0.19006 0.0
0.19031 0.0
0.19055 0.0
0.1908 0.0
0.19104 0.0
0.19128 0.0
0.19153 0.0
0.19177 0.0
0.19202 0.0
0.19226 0.0
0.1925 0.0
0.19275 0.0
0.19299 0.0
0.19324 0.0
0.19348 0.0
0.19373 0.0
0.19397 0.0
0.19421 0.0
0.19446 0.0
0.1947 0.0
0.19495 0.0
0.19519 0.0
