t strain*1e23
-0.45513 -0.4
-0.45489 0.1
-0.45464 0.6
-0.4544 1.1
-0.45415 1.6
-0.45391 2.0
-0.45367 2.5
-0.45342 3.0
-0.45318 3.5
-0.45293 3.9
-0.45269 4.4
-0.45245 4.8
-0.4522 5.3
-0.45196 5.7
-0.45171 6.2
-0.45147 6.6
-0.45123 7.0
-0.45098 7.4
-0.45074 7.8
-0.45049 8.2
-0.45025 8.6
-0.45 9.0
-0.44976 9.3
-0.44952 9.7
-0.44927 10.0
-0.44903 10.4
-0.44878 10.7
-0.44854 11.0
-0.4483 11.3
-0.44805 11.5
-0.44781 11.8
-0.44756 12.0
-0.44732 12.3
-0.44707 12.5
-0.44683 12.7
-0.44659 12.9
-0.44634 13.0
-0.4461 13.2
-0.44585 13.3
-0.44561 13.5
-0.44537 13.6
-0.44512 13.6
-0.44488 13.7
-0.44463 13.8
-0.44439 13.8
-0.44415 13.8
-0.4439 13.8
-0.44366 13.8
-0.44341 13.8
-0.44317 13.7
-0.44292 13.7
-0.44268 13.6
-0.44244 13.5
-0.44219 13.3
-0.44195 13.2
-0.4417 13.1
-0.44146 12.9
-0.44122 12.7
-0.44097 12.5
-0.44073 12.3
-0.44048 12.1
-0.44024 11.8
-0.43999 11.6
-0.43975 11.3
-0.43951 11.0
-0.43926 10.7
-0.43902 10.4
-0.43877 10.0
-0.43853 9.7
-0.43829 9.3
-0.43804 9.0
-0.4378 8.6
-0.43755 8.2
-0.43731 7.8
-0.43707 7.4
-0.43682 7.0
-0.43658 6.6
-0.43633 6.1
-0.43609 5.7
-0.43584 5.2
-0.4356 4.8
-0.43536 4.3
-0.43511 3.8
-0.43487 3.3
-0.43462 2.9
-0.43438 2.4
-0.43414 1.9
-0.43389 1.4
-0.43365 0.9
-0.4334 0.4
-0.43316 0.0
-0.43291 -0.6
-0.43267 -1.1
-0.43243 -1.6
-0.43218 -2.0
-0.43194 -2.5
-0.43169 -3.0
-0.43145 -3.5
-0.43121 -4.0
-0.43096 -4.4
-0.43072 -4.9
-0.43047 -5.4
-0.43023 -5.8
-0.42999 -6.3
-0.42974 -6.7
-0.4295 -7.2
-0.42925 -7.6
-0.42901 -8.0
-0.42876 -8.4
-0.42852 -8.8
-0.42828 -9.2
-0.42803 -9.5
-0.42779 -9.9
-0.42754 -10.2
-0.4273 -10.6
-0.42706 -10.9
-0.42681 -11.2
-0.42657 -11.5
-0.42632 -11.8
-0.42608 -12.0
-0.42583 -12.3
-0.42559 -12.5
-0.42535 -12.7
-0.4251 -12.9
-0.42486 -13.1
-0.42461 -13.3
-0.42437 -13.4
-0.42413 -13.5
-0.42388 -13.7
-0.42364 -13.8
-0.42339 -13.8
-0.42315 -13.9
-0.4229 -13.9
-0.42266 -14.0
-0.42242 -14.0
-0.42217 -14.0
-0.42193 -13.9
-0.42168 -13.9
-0.42144 -13.8
-0.4212 -13.7
-0.42095 -13.6
-0.42071 -13.5
-0.42046 -13.4
-0.42022 -13.2
-0.41998 -13.1
-0.41973 -12.9
-0.41949 -12.7
-0.41924 -12.5
-0.419 -12.2
-0.41875 -12.0
-0.41851 -11.7
-0.41827 -11.4
-0.41802 -11.1
-0.41778 -10.8
-0.41753 -10.5
-0.41729 -10.2
-0.41705 -9.8
-0.4168 -9.4
-0.41656 -9.1
-0.41631 -8.7
-0.41607 -8.3
-0.41582 -7.9
-0.41558 -7.4
-0.41534 -7.0
-0.41509 -6.6
-0.41485 -6.1
-0.4146 -5.6
-0.41436 -5.2
-0.41412 -4.7
-0.41387 -4.2
-0.41363 -3.7
-0.41338 -3.2
-0.41314 -2.8
-0.4129 -2.3
-0.41265 -1.8
-0.41241 -1.2
-0.41216 -0.7
-0.41192 -0.2
-0.41167 0.3
-0.41143 0.8
-0.41119 1.3
-0.41094 1.8
-0.4107 2.3
-0.41045 2.8
-0.41021 3.3
-0.40997 3.8
-0.40972 4.3
-0.40948 4.8
-0.40923 5.2
-0.40899 5.7
-0.40874 6.2
-0.4085 6.6
-0.40826 7.1
-0.40801 7.5
-0.40777 7.9
-0.40752 8.4
-0.40728 8.8
-0.40704 9.2
-0.40679 9.6
-0.40655 9.9
-0.4063 10.3
-0.40606 10.6
-0.40582 11.0
-0.40557 11.3
-0.40533 11.6
-0.40508 11.9
-0.40484 12.1
-0.40459 12.4
-0.40435 12.6
-0.40411 12.9
-0.40386 13.1
-0.40362 13.2
-0.40337 13.4
-0.40313 13.6
-0.40289 13.7
-0.40264 13.8
-0.4024 13.9
-0.40215 14.0
-0.40191 14.1
-0.40166 14.1
-0.40142 14.1
-0.40118 14.1
-0.40093 14.1
-0.40069 14.1
-0.40044 14.0
-0.4002 14.0
-0.39996 13.9
-0.39971 13.8
-0.39947 13.7
-0.39922 13.5
-0.39898 13.3
-0.39874 13.2
-0.39849 13.0
-0.39825 12.8
-0.398 12.5
-0.39776 12.3
-0.39751 12.0
-0.39727 11.7
-0.39703 11.4
-0.39678 11.1
-0.39654 10.8
-0.39629 10.4
-0.39605 10.1
-0.39581 9.7
-0.39556 9.3
-0.39532 8.9
-0.39507 8.5
-0.39483 8.1
-0.39458 7.7
-0.39434 7.2
-0.3941 6.8
-0.39385 6.3
-0.39361 5.8
-0.39336 5.4
-0.39312 4.9
-0.39288 4.4
-0.39263 3.9
-0.39239 3.4
-0.39214 2.9
-0.3919 2.4
-0.39165 1.8
-0.39141 1.3
-0.39117 0.8
-0.39092 0.3
-0.39068 -0.2
-0.39043 -0.8
-0.39019 -1.3
-0.38995 -1.8
-0.3897 -2.3
-0.38946 -2.8
-0.38921 -3.4
-0.38897 -3.9
-0.38873 -4.4
-0.38848 -4.9
-0.38824 -5.4
-0.38799 -5.8
-0.38775 -6.3
-0.3875 -6.8
-0.38726 -7.2
-0.38702 -7.7
-0.38677 -8.1
-0.38653 -8.6
-0.38628 -9.0
-0.38604 -9.4
-0.3858 -9.8
-0.38555 -10.2
-0.38531 -10.5
-0.38506 -10.9
-0.38482 -11.2
-0.38457 -11.5
-0.38433 -11.8
-0.38409 -12.1
-0.38384 -12.4
-0.3836 -12.6
-0.38335 -12.9
-0.38311 -13.1
-0.38287 -13.3
-0.38262 -13.5
-0.38238 -13.7
-0.38213 -13.8
-0.38189 -13.9
-0.38165 -14.1
-0.3814 -14.1
-0.38116 -14.2
-0.38091 -14.3
-0.38067 -14.3
-0.38042 -14.3
-0.38018 -14.3
-0.37994 -14.3
-0.37969 -14.2
-0.37945 -14.2
-0.3792 -14.1
-0.37896 -14.0
-0.37872 -13.8
-0.37847 -13.7
-0.37823 -13.5
-0.37798 -13.3
-0.37774 -13.1
-0.37749 -12.9
-0.37725 -12.7
-0.37701 -12.4
-0.37676 -12.2
-0.37652 -11.9
-0.37627 -11.6
-0.37603 -11.2
-0.37579 -10.9
-0.37554 -10.5
-0.3753 -10.2
-0.37505 -9.8
-0.37481 -9.4
-0.37457 -9.0
-0.37432 -8.6
-0.37408 -8.1
-0.37383 -7.7
-0.37359 -7.2
-0.37334 -6.8
-0.3731 -6.3
-0.37286 -5.8
-0.37261 -5.3
-0.37237 -4.8
-0.37212 -4.3
-0.37188 -3.8
-0.37164 -3.2
-0.37139 -2.7
-0.37115 -2.2
-0.3709 -1.7
-0.37066 -1.1
-0.37041 -0.6
-0.37017 0.0
-0.36993 0.5
-0.36968 1.0
-0.36944 1.6
-0.36919 2.1
-0.36895 2.6
-0.36871 3.2
-0.36846 3.7
-0.36822 4.2
-0.36797 4.7
-0.36773 5.3
-0.36749 5.8
-0.36724 6.2
-0.367 6.7
-0.36675 7.2
-0.36651 7.7
-0.36626 8.1
-0.36602 8.6
-0.36578 9.0
-0.36553 9.4
-0.36529 9.8
-0.36504 10.2
-0.3648 10.6
-0.36456 11.0
-0.36431 11.3
-0.36407 11.6
-0.36382 12.0
-0.36358 12.3
-0.36333 12.5
-0.36309 12.8
-0.36285 13.1
-0.3626 13.3
-0.36236 13.5
-0.36211 13.7
-0.36187 13.9
-0.36163 14.0
-0.36138 14.1
-0.36114 14.2
-0.36089 14.3
-0.36065 14.4
-0.3604 14.4
-0.36016 14.5
-0.35992 14.5
-0.35967 14.5
-0.35943 14.4
-0.35918 14.4
-0.35894 14.3
-0.3587 14.2
-0.35845 14.1
-0.35821 14.0
-0.35796 13.8
-0.35772 13.6
-0.35748 13.4
-0.35723 13.2
-0.35699 13.0
-0.35674 12.7
-0.3565 12.4
-0.35625 12.2
-0.35601 11.8
-0.35577 11.5
-0.35552 11.2
-0.35528 10.8
-0.35503 10.4
-0.35479 10.1
-0.35455 9.6
-0.3543 9.2
-0.35406 8.8
-0.35381 8.4
-0.35357 7.9
-0.35332 7.4
-0.35308 6.9
-0.35284 6.5
-0.35259 5.9
-0.35235 5.4
-0.3521 4.9
-0.35186 4.4
-0.35162 3.9
-0.35137 3.3
-0.35113 2.8
-0.35088 2.2
-0.35064 1.7
-0.3504 1.1
-0.35015 0.6
-0.34991 0.0
-0.34966 -0.5
-0.34942 -1.1
-0.34917 -1.7
-0.34893 -2.2
-0.34869 -2.8
-0.34844 -3.3
-0.3482 -3.8
-0.34795 -4.4
-0.34771 -4.9
-0.34747 -5.4
-0.34722 -6.0
-0.34698 -6.5
-0.34673 -7.0
-0.34649 -7.5
-0.34624 -7.9
-0.346 -8.4
-0.34576 -8.8
-0.34551 -9.3
-0.34527 -9.7
-0.34502 -10.1
-0.34478 -10.5
-0.34454 -10.9
-0.34429 -11.3
-0.34405 -11.6
-0.3438 -12.0
-0.34356 -12.3
-0.34332 -12.6
-0.34307 -12.9
-0.34283 -13.1
-0.34258 -13.4
-0.34234 -13.6
-0.34209 -13.8
-0.34185 -14.0
-0.34161 -14.1
-0.34136 -14.3
-0.34112 -14.4
-0.34087 -14.5
-0.34063 -14.6
-0.34039 -14.6
-0.34014 -14.7
-0.3399 -14.7
-0.33965 -14.7
-0.33941 -14.6
-0.33916 -14.6
-0.33892 -14.5
-0.33868 -14.4
-0.33843 -14.3
-0.33819 -14.1
-0.33794 -14.0
-0.3377 -13.8
-0.33746 -13.6
-0.33721 -13.4
-0.33697 -13.1
-0.33672 -12.9
-0.33648 -12.6
-0.33624 -12.3
-0.33599 -11.9
-0.33575 -11.6
-0.3355 -11.3
-0.33526 -10.9
-0.33501 -10.5
-0.33477 -10.1
-0.33453 -9.7
-0.33428 -9.2
-0.33404 -8.8
-0.33379 -8.3
-0.33355 -7.8
-0.33331 -7.3
-0.33306 -6.8
-0.33282 -6.3
-0.33257 -5.8
-0.33233 -5.3
-0.33208 -4.7
-0.33184 -4.2
-0.3316 -3.6
-0.33135 -3.1
-0.33111 -2.5
-0.33086 -1.9
-0.33062 -1.4
-0.33038 -0.8
-0.33013 -0.2
-0.32989 0.4
-0.32964 0.9
-0.3294 1.5
-0.32915 2.1
-0.32891 2.6
-0.32867 3.2
-0.32842 3.8
-0.32818 4.3
-0.32793 4.9
-0.32769 5.4
-0.32745 6.0
-0.3272 6.5
-0.32696 7.0
-0.32671 7.5
-0.32647 8.0
-0.32623 8.5
-0.32598 9.0
-0.32574 9.4
-0.32549 9.9
-0.32525 10.3
-0.325 10.7
-0.32476 11.1
-0.32452 11.5
-0.32427 11.8
-0.32403 12.2
-0.32378 12.5
-0.32354 12.8
-0.3233 13.1
-0.32305 13.4
-0.32281 13.6
-0.32256 13.8
-0.32232 14.0
-0.32207 14.2
-0.32183 14.4
-0.32159 14.5
-0.32134 14.6
-0.3211 14.7
-0.32085 14.8
-0.32061 14.8
-0.32037 14.9
-0.32012 14.9
-0.31988 14.8
-0.31963 14.8
-0.31939 14.7
-0.31915 14.6
-0.3189 14.5
-0.31866 14.4
-0.31841 14.2
-0.31817 14.1
-0.31792 13.8
-0.31768 13.6
-0.31744 13.4
-0.31719 13.1
-0.31695 12.8
-0.3167 12.5
-0.31646 12.2
-0.31622 11.8
-0.31597 11.5
-0.31573 11.1
-0.31548 10.7
-0.31524 10.3
-0.31499 9.8
-0.31475 9.4
-0.31451 8.9
-0.31426 8.4
-0.31402 7.9
-0.31377 7.4
-0.31353 6.9
-0.31329 6.4
-0.31304 5.8
-0.3128 5.3
-0.31255 4.7
-0.31231 4.2
-0.31207 3.6
-0.31182 3.0
-0.31158 2.4
-0.31133 1.8
-0.31109 1.3
-0.31084 0.7
-0.3106 0.0
-0.31036 -0.5
-0.31011 -1.1
-0.30987 -1.7
-0.30962 -2.3
-0.30938 -2.9
-0.30914 -3.5
-0.30889 -4.1
-0.30865 -4.6
-0.3084 -5.2
-0.30816 -5.8
-0.30791 -6.3
-0.30767 -6.9
-0.30743 -7.4
-0.30718 -7.9
-0.30694 -8.4
-0.30669 -8.9
-0.30645 -9.4
-0.30621 -9.8
-0.30596 -10.3
-0.30572 -10.7
-0.30547 -11.1
-0.30523 -11.5
-0.30499 -11.9
-0.30474 -12.3
-0.3045 -12.6
-0.30425 -12.9
-0.30401 -13.2
-0.30376 -13.5
-0.30352 -13.8
-0.30328 -14.0
-0.30303 -14.2
-0.30279 -14.4
-0.30254 -14.6
-0.3023 -14.7
-0.30206 -14.8
-0.30181 -14.9
-0.30157 -15.0
-0.30132 -15.1
-0.30108 -15.1
-0.30083 -15.1
-0.30059 -15.0
-0.30035 -15.0
-0.3001 -14.9
-0.29986 -14.8
-0.29961 -14.7
-0.29937 -14.6
-0.29913 -14.4
-0.29888 -14.2
-0.29864 -14.0
-0.29839 -13.7
-0.29815 -13.5
-0.2979 -13.2
-0.29766 -12.9
-0.29742 -12.6
-0.29717 -12.2
-0.29693 -11.8
-0.29668 -11.4
-0.29644 -11.0
-0.2962 -10.6
-0.29595 -10.2
-0.29571 -9.7
-0.29546 -9.2
-0.29522 -8.7
-0.29498 -8.2
-0.29473 -7.7
-0.29449 -7.2
-0.29424 -6.6
-0.294 -6.1
-0.29375 -5.5
-0.29351 -4.9
-0.29327 -4.4
-0.29302 -3.8
-0.29278 -3.2
-0.29253 -2.6
-0.29229 -1.9
-0.29205 -1.3
-0.2918 -0.7
-0.29156 -0.1
-0.29131 0.5
-0.29107 1.1
-0.29082 1.7
-0.29058 2.4
-0.29034 3.0
-0.29009 3.6
-0.28985 4.2
-0.2896 4.8
-0.28936 5.4
-0.28912 5.9
-0.28887 6.5
-0.28863 7.1
-0.28838 7.6
-0.28814 8.1
-0.2879 8.7
-0.28765 9.2
-0.28741 9.7
-0.28716 10.1
-0.28692 10.6
-0.28667 11.0
-0.28643 11.5
-0.28619 11.9
-0.28594 12.2
-0.2857 12.6
-0.28545 13.0
-0.28521 13.3
-0.28497 13.6
-0.28472 13.9
-0.28448 14.1
-0.28423 14.3
-0.28399 14.5
-0.28374 14.7
-0.2835 14.9
-0.28326 15.0
-0.28301 15.1
-0.28277 15.2
-0.28252 15.3
-0.28228 15.3
-0.28204 15.3
-0.28179 15.3
-0.28155 15.2
-0.2813 15.2
-0.28106 15.1
-0.28082 14.9
-0.28057 14.8
-0.28033 14.6
-0.28008 14.4
-0.27984 14.2
-0.27959 13.9
-0.27935 13.7
-0.27911 13.4
-0.27886 13.0
-0.27862 12.7
-0.27837 12.3
-0.27813 12.0
-0.27789 11.5
-0.27764 11.1
-0.2774 10.7
-0.27715 10.2
-0.27691 9.7
-0.27666 9.2
-0.27642 8.7
-0.27618 8.2
-0.27593 7.6
-0.27569 7.1
-0.27544 6.5
-0.2752 5.9
-0.27496 5.3
-0.27471 4.7
-0.27447 4.1
-0.27422 3.5
-0.27398 2.9
-0.27374 2.3
-0.27349 1.6
-0.27325 1.0
-0.273 0.3
-0.27276 -0.3
-0.27251 -0.9
-0.27227 -1.6
-0.27203 -2.2
-0.27178 -2.9
-0.27154 -3.5
-0.27129 -4.1
-0.27105 -4.7
-0.27081 -5.3
-0.27056 -5.9
-0.27032 -6.5
-0.27007 -7.1
-0.26983 -7.7
-0.26958 -8.2
-0.26934 -8.8
-0.2691 -9.3
-0.26885 -9.8
-0.26861 -10.3
-0.26836 -10.8
-0.26812 -11.2
-0.26788 -11.7
-0.26763 -12.1
-0.26739 -12.5
-0.26714 -12.9
-0.2669 -13.2
-0.26665 -13.5
-0.26641 -13.8
-0.26617 -14.1
-0.26592 -14.4
-0.26568 -14.6
-0.26543 -14.8
-0.26519 -15.0
-0.26495 -15.2
-0.2647 -15.3
-0.26446 -15.4
-0.26421 -15.5
-0.26397 -15.5
-0.26373 -15.5
-0.26348 -15.5
-0.26324 -15.5
-0.26299 -15.4
-0.26275 -15.3
-0.2625 -15.2
-0.26226 -15.1
-0.26202 -14.9
-0.26177 -14.7
-0.26153 -14.5
-0.26128 -14.2
-0.26104 -13.9
-0.2608 -13.6
-0.26055 -13.3
-0.26031 -13.0
-0.26006 -12.6
-0.25982 -12.2
-0.25957 -11.8
-0.25933 -11.3
-0.25909 -10.9
-0.25884 -10.4
-0.2586 -9.9
-0.25835 -9.4
-0.25811 -8.8
-0.25787 -8.3
-0.25762 -7.7
-0.25738 -7.1
-0.25713 -6.5
-0.25689 -5.9
-0.25665 -5.3
-0.2564 -4.7
-0.25616 -4.1
-0.25591 -3.4
-0.25567 -2.8
-0.25542 -2.1
-0.25518 -1.4
-0.25494 -0.8
-0.25469 -0.1
-0.25445 0.6
-0.2542 1.2
-0.25396 1.9
-0.25372 2.5
-0.25347 3.2
-0.25323 3.9
-0.25298 4.5
-0.25274 5.1
-0.25249 5.8
-0.25225 6.4
-0.25201 7.0
-0.25176 7.6
-0.25152 8.2
-0.25127 8.7
-0.25103 9.3
-0.25079 9.8
-0.25054 10.3
-0.2503 10.8
-0.25005 11.3
-0.24981 11.8
-0.24957 12.2
-0.24932 12.6
-0.24908 13.0
-0.24883 13.4
-0.24859 13.7
-0.24834 14.1
-0.2481 14.4
-0.24786 14.6
-0.24761 14.9
-0.24737 15.1
-0.24712 15.3
-0.24688 15.4
-0.24664 15.6
-0.24639 15.7
-0.24615 15.7
-0.2459 15.8
-0.24566 15.8
-0.24541 15.8
-0.24517 15.7
-0.24493 15.6
-0.24468 15.5
-0.24444 15.4
-0.24419 15.2
-0.24395 15.1
-0.24371 14.8
-0.24346 14.6
-0.24322 14.3
-0.24297 14.0
-0.24273 13.7
-0.24249 13.3
-0.24224 13.0
-0.242 12.5
-0.24175 12.1
-0.24151 11.7
-0.24126 11.2
-0.24102 10.7
-0.24078 10.2
-0.24053 9.7
-0.24029 9.1
-0.24004 8.5
-0.2398 7.9
-0.23956 7.3
-0.23931 6.7
-0.23907 6.1
-0.23882 5.4
-0.23858 4.8
-0.23833 4.1
-0.23809 3.5
-0.23785 2.8
-0.2376 2.1
-0.23736 1.4
-0.23711 0.7
-0.23687 0.0
-0.23663 -0.7
-0.23638 -1.4
-0.23614 -2.1
-0.23589 -2.7
-0.23565 -3.4
-0.2354 -4.1
-0.23516 -4.8
-0.23492 -5.4
-0.23467 -6.1
-0.23443 -6.7
-0.23418 -7.4
-0.23394 -8.0
-0.2337 -8.6
-0.23345 -9.2
-0.23321 -9.7
-0.23296 -10.3
-0.23272 -10.8
-0.23248 -11.3
-0.23223 -11.8
-0.23199 -12.3
-0.23174 -12.7
-0.2315 -13.1
-0.23125 -13.5
-0.23101 -13.9
-0.23077 -14.2
-0.23052 -14.5
-0.23028 -14.8
-0.23003 -15.1
-0.22979 -15.3
-0.22955 -15.5
-0.2293 -15.7
-0.22906 -15.8
-0.22881 -15.9
-0.22857 -16.0
-0.22832 -16.0
-0.22808 -16.0
-0.22784 -16.0
-0.22759 -16.0
-0.22735 -15.9
-0.2271 -15.8
-0.22686 -15.6
-0.22662 -15.5
-0.22637 -15.3
-0.22613 -15.0
-0.22588 -14.8
-0.22564 -14.5
-0.2254 -14.1
-0.22515 -13.8
-0.22491 -13.4
-0.22466 -13.0
-0.22442 -12.6
-0.22417 -12.1
-0.22393 -11.6
-0.22369 -11.1
-0.22344 -10.6
-0.2232 -10.1
-0.22295 -9.5
-0.22271 -8.9
-0.22247 -8.3
-0.22222 -7.7
-0.22198 -7.0
-0.22173 -6.4
-0.22149 -5.7
-0.22124 -5.0
-0.221 -4.4
-0.22076 -3.7
-0.22051 -2.9
-0.22027 -2.2
-0.22002 -1.5
-0.21978 -0.8
-0.21954 0.0
-0.21929 0.7
-0.21905 1.4
-0.2188 2.1
-0.21856 2.8
-0.21832 3.5
-0.21807 4.2
-0.21783 4.9
-0.21758 5.6
-0.21734 6.3
-0.21709 7.0
-0.21685 7.6
-0.21661 8.3
-0.21636 8.9
-0.21612 9.5
-0.21587 10.1
-0.21563 10.6
-0.21539 11.2
-0.21514 11.7
-0.2149 12.2
-0.21465 12.7
-0.21441 13.1
-0.21416 13.6
-0.21392 14.0
-0.21368 14.3
-0.21343 14.7
-0.21319 15.0
-0.21294 15.2
-0.2127 15.5
-0.21246 15.7
-0.21221 15.9
-0.21197 16.0
-0.21172 16.2
-0.21148 16.3
-0.21124 16.3
-0.21099 16.3
-0.21075 16.3
-0.2105 16.3
-0.21026 16.2
-0.21001 16.1
-0.20977 15.9
-0.20953 15.7
-0.20928 15.5
-0.20904 15.3
-0.20879 15.0
-0.20855 14.7
-0.20831 14.3
-0.20806 14.0
-0.20782 13.6
-0.20757 13.1
-0.20733 12.7
-0.20708 12.2
-0.20684 11.7
-0.2066 11.2
-0.20635 10.6
-0.20611 10.0
-0.20586 9.4
-0.20562 8.8
-0.20538 8.1
-0.20513 7.5
-0.20489 6.8
-0.20464 6.1
-0.2044 5.4
-0.20415 4.7
-0.20391 4.0
-0.20367 3.2
-0.20342 2.5
-0.20318 1.7
-0.20293 1.0
-0.20269 0.2
-0.20245 -0.5
-0.2022 -1.3
-0.20196 -2.0
-0.20171 -2.8
-0.20147 -3.5
-0.20123 -4.3
-0.20098 -5.0
-0.20074 -5.7
-0.20049 -6.4
-0.20025 -7.1
-0.2 -7.8
-0.19976 -8.5
-0.19952 -9.1
-0.19927 -9.8
-0.19903 -10.4
-0.19878 -11.0
-0.19854 -11.5
-0.1983 -12.1
-0.19805 -12.6
-0.19781 -13.1
-0.19756 -13.5
-0.19732 -14.0
-0.19707 -14.4
-0.19683 -14.7
-0.19659 -15.1
-0.19634 -15.4
-0.1961 -15.7
-0.19585 -15.9
-0.19561 -16.1
-0.19537 -16.3
-0.19512 -16.4
-0.19488 -16.5
-0.19463 -16.6
-0.19439 -16.6
-0.19415 -16.6
-0.1939 -16.6
-0.19366 -16.5
-0.19341 -16.4
-0.19317 -16.2
-0.19292 -16.0
-0.19268 -15.8
-0.19244 -15.6
-0.19219 -15.3
-0.19195 -15.0
-0.1917 -14.6
-0.19146 -14.2
-0.19122 -13.8
-0.19097 -13.3
-0.19073 -12.8
-0.19048 -12.3
-0.19024 -11.8
-0.18999 -11.2
-0.18975 -10.6
-0.18951 -10.0
-0.18926 -9.4
-0.18902 -8.7
-0.18877 -8.0
-0.18853 -7.3
-0.18829 -6.6
-0.18804 -5.9
-0.1878 -5.2
-0.18755 -4.4
-0.18731 -3.6
-0.18707 -2.9
-0.18682 -2.1
-0.18658 -1.3
-0.18633 -0.5
-0.18609 0.3
-0.18584 1.1
-0.1856 1.9
-0.18536 2.7
-0.18511 3.5
-0.18487 4.2
-0.18462 5.0
-0.18438 5.8
-0.18414 6.5
-0.18389 7.3
-0.18365 8.0
-0.1834 8.7
-0.18316 9.4
-0.18291 10.0
-0.18267 10.6
-0.18243 11.3
-0.18218 11.9
-0.18194 12.4
-0.18169 13.0
-0.18145 13.5
-0.18121 13.9
-0.18096 14.4
-0.18072 14.8
-0.18047 15.2
-0.18023 15.5
-0.17999 15.8
-0.17974 16.1
-0.1795 16.3
-0.17925 16.5
-0.17901 16.7
-0.17876 16.8
-0.17852 16.9
-0.17828 16.9
-0.17803 17.0
-0.17779 16.9
-0.17754 16.9
-0.1773 16.7
-0.17706 16.6
-0.17681 16.4
-0.17657 16.2
-0.17632 15.9
-0.17608 15.6
-0.17583 15.3
-0.17559 14.9
-0.17535 14.5
-0.1751 14.0
-0.17486 13.6
-0.17461 13.1
-0.17437 12.5
-0.17413 11.9
-0.17388 11.3
-0.17364 10.7
-0.17339 10.1
-0.17315 9.4
-0.1729 8.7
-0.17266 8.0
-0.17242 7.2
-0.17217 6.5
-0.17193 5.7
-0.17168 4.9
-0.17144 4.1
-0.1712 3.3
-0.17095 2.5
-0.17071 1.6
-0.17046 0.8
-0.17022 0.0
-0.16998 -0.9
-0.16973 -1.7
-0.16949 -2.5
-0.16924 -3.4
-0.169 -4.2
-0.16875 -5.0
-0.16851 -5.8
-0.16827 -6.6
-0.16802 -7.3
-0.16778 -8.1
-0.16753 -8.8
-0.16729 -9.6
-0.16705 -10.3
-0.1668 -10.9
-0.16656 -11.6
-0.16631 -12.2
-0.16607 -12.8
-0.16582 -13.3
-0.16558 -13.9
-0.16534 -14.3
-0.16509 -14.8
-0.16485 -15.2
-0.1646 -15.6
-0.16436 -16.0
-0.16412 -16.3
-0.16387 -16.5
-0.16363 -16.8
-0.16338 -17.0
-0.16314 -17.1
-0.1629 -17.2
-0.16265 -17.3
-0.16241 -17.3
-0.16216 -17.3
-0.16192 -17.2
-0.16167 -17.1
-0.16143 -17.0
-0.16119 -16.8
-0.16094 -16.6
-0.1607 -16.3
-0.16045 -16.0
-0.16021 -15.6
-0.15997 -15.2
-0.15972 -14.8
-0.15948 -14.3
-0.15923 -13.8
-0.15899 -13.3
-0.15874 -12.7
-0.1585 -12.1
-0.15826 -11.5
-0.15801 -10.8
-0.15777 -10.1
-0.15752 -9.4
-0.15728 -8.6
-0.15704 -7.9
-0.15679 -7.1
-0.15655 -6.3
-0.1563 -5.5
-0.15606 -4.6
-0.15582 -3.8
-0.15557 -2.9
-0.15533 -2.0
-0.15508 -1.2
-0.15484 -0.3
-0.15459 0.6
-0.15435 1.5
-0.15411 2.4
-0.15386 3.2
-0.15362 4.1
-0.15337 5.0
-0.15313 5.8
-0.15289 6.7
-0.15264 7.5
-0.1524 8.3
-0.15215 9.0
-0.15191 9.8
-0.15166 10.5
-0.15142 11.2
-0.15118 11.9
-0.15093 12.6
-0.15069 13.2
-0.15044 13.8
-0.1502 14.3
-0.14996 14.8
-0.14971 15.3
-0.14947 15.7
-0.14922 16.1
-0.14898 16.5
-0.14874 16.8
-0.14849 17.0
-0.14825 17.3
-0.148 17.4
-0.14776 17.6
-0.14751 17.7
-0.14727 17.7
-0.14703 17.7
-0.14678 17.6
-0.14654 17.5
-0.14629 17.4
-0.14605 17.2
-0.14581 17.0
-0.14556 16.7
-0.14532 16.3
-0.14507 16.0
-0.14483 15.6
-0.14458 15.1
-0.14434 14.6
-0.1441 14.1
-0.14385 13.5
-0.14361 12.9
-0.14336 12.2
-0.14312 11.5
-0.14288 10.8
-0.14263 10.1
-0.14239 9.3
-0.14214 8.5
-0.1419 7.7
-0.14165 6.9
-0.14141 6.0
-0.14117 5.1
-0.14092 4.2
-0.14068 3.3
-0.14043 2.4
-0.14019 1.5
-0.13995 0.5
-0.1397 -0.4
-0.13946 -1.3
-0.13921 -2.3
-0.13897 -3.2
-0.13873 -4.1
-0.13848 -5.0
-0.13824 -5.9
-0.13799 -6.8
-0.13775 -7.7
-0.1375 -8.5
-0.13726 -9.3
-0.13702 -10.1
-0.13677 -10.9
-0.13653 -11.6
-0.13628 -12.4
-0.13604 -13.0
-0.1358 -13.7
-0.13555 -14.3
-0.13531 -14.9
-0.13506 -15.4
-0.13482 -15.9
-0.13457 -16.3
-0.13433 -16.7
-0.13409 -17.0
-0.13384 -17.3
-0.1336 -17.6
-0.13335 -17.8
-0.13311 -18.0
-0.13287 -18.1
-0.13262 -18.1
-0.13238 -18.1
-0.13213 -18.1
-0.13189 -18.0
-0.13165 -17.8
-0.1314 -17.6
-0.13116 -17.4
-0.13091 -17.1
-0.13067 -16.7
-0.13042 -16.3
-0.13018 -15.9
-0.12994 -15.4
-0.12969 -14.8
-0.12945 -14.3
-0.1292 -13.6
-0.12896 -13.0
-0.12872 -12.3
-0.12847 -11.5
-0.12823 -10.8
-0.12798 -10.0
-0.12774 -9.1
-0.12749 -8.3
-0.12725 -7.4
-0.12701 -6.5
-0.12676 -5.5
-0.12652 -4.6
-0.12627 -3.6
-0.12603 -2.7
-0.12579 -1.7
-0.12554 -0.7
-0.1253 0.3
-0.12505 1.3
-0.12481 2.3
-0.12457 3.3
-0.12432 4.3
-0.12408 5.2
-0.12383 6.2
-0.12359 7.1
-0.12334 8.0
-0.1231 8.9
-0.12286 9.8
-0.12261 10.6
-0.12237 11.5
-0.12212 12.2
-0.12188 13.0
-0.12164 13.7
-0.12139 14.3
-0.12115 15.0
-0.1209 15.6
-0.12066 16.1
-0.12041 16.6
-0.12017 17.0
-0.11993 17.4
-0.11968 17.7
-0.11944 18.0
-0.11919 18.2
-0.11895 18.4
-0.11871 18.5
-0.11846 18.6
-0.11822 18.6
-0.11797 18.5
-0.11773 18.4
-0.11749 18.3
-0.11724 18.0
-0.117 17.8
-0.11675 17.4
-0.11651 17.0
-0.11626 16.6
-0.11602 16.1
-0.11578 15.6
-0.11553 15.0
-0.11529 14.3
-0.11504 13.6
-0.1148 12.9
-0.11456 12.1
-0.11431 11.3
-0.11407 10.5
-0.11382 9.6
-0.11358 8.7
-0.11333 7.8
-0.11309 6.8
-0.11285 5.8
-0.1126 4.8
-0.11236 3.8
-0.11211 2.7
-0.11187 1.7
-0.11163 0.6
-0.11138 -0.5
-0.11114 -1.5
-0.11089 -2.6
-0.11065 -3.6
-0.1104 -4.7
-0.11016 -5.7
-0.10992 -6.7
-0.10967 -7.7
-0.10943 -8.7
-0.10918 -9.6
-0.10894 -10.5
-0.1087 -11.4
-0.10845 -12.3
-0.10821 -13.1
-0.10796 -13.9
-0.10772 -14.6
-0.10748 -15.3
-0.10723 -15.9
-0.10699 -16.5
-0.10674 -17.0
-0.1065 -17.5
-0.10625 -17.9
-0.10601 -18.2
-0.10577 -18.5
-0.10552 -18.8
-0.10528 -19.0
-0.10503 -19.1
-0.10479 -19.1
-0.10455 -19.1
-0.1043 -19.0
-0.10406 -18.9
-0.10381 -18.7
-0.10357 -18.4
-0.10332 -18.1
-0.10308 -17.7
-0.10284 -17.3
-0.10259 -16.8
-0.10235 -16.2
-0.1021 -15.6
-0.10186 -14.9
-0.10162 -14.2
-0.10137 -13.4
-0.10113 -12.6
-0.10088 -11.7
-0.10064 -10.8
-0.1004 -9.9
-0.10015 -8.9
-0.09991 -7.9
-0.09966 -6.8
-0.09942 -5.8
-0.09917 -4.7
-0.09893 -3.6
-0.09869 -2.4
-0.09844 -1.3
-0.0982 -0.2
-0.09795 1.0
-0.09771 2.1
-0.09747 3.3
-0.09722 4.4
-0.09698 5.5
-0.09673 6.6
-0.09649 7.7
-0.09624 8.7
-0.096 9.8
-0.09576 10.7
-0.09551 11.7
-0.09527 12.6
-0.09502 13.5
-0.09478 14.3
-0.09454 15.1
-0.09429 15.8
-0.09405 16.5
-0.0938 17.1
-0.09356 17.7
-0.09332 18.1
-0.09307 18.6
-0.09283 18.9
-0.09258 19.2
-0.09234 19.5
-0.09209 19.6
-0.09185 19.7
-0.09161 19.7
-0.09136 19.7
-0.09112 19.5
-0.09087 19.3
-0.09063 19.0
-0.09039 18.7
-0.09014 18.3
-0.0899 17.8
-0.08965 17.3
-0.08941 16.7
-0.08916 16.0
-0.08892 15.2
-0.08868 14.4
-0.08843 13.6
-0.08819 12.7
-0.08794 11.7
-0.0877 10.8
-0.08746 9.7
-0.08721 8.6
-0.08697 7.5
-0.08672 6.4
-0.08648 5.2
-0.08624 4.0
-0.08599 2.8
-0.08575 1.6
-0.0855 0.3
-0.08526 -0.9
-0.08501 -2.1
-0.08477 -3.4
-0.08453 -4.6
-0.08428 -5.8
-0.08404 -7.0
-0.08379 -8.1
-0.08355 -9.3
-0.08331 -10.4
-0.08306 -11.4
-0.08282 -12.5
-0.08257 -13.4
-0.08233 -14.4
-0.08208 -15.2
-0.08184 -16.0
-0.0816 -16.8
-0.08135 -17.5
-0.08111 -18.1
-0.08086 -18.7
-0.08062 -19.1
-0.08038 -19.5
-0.08013 -19.9
-0.07989 -20.1
-0.07964 -20.3
-0.0794 -20.4
-0.07915 -20.4
-0.07891 -20.3
-0.07867 -20.1
-0.07842 -19.9
-0.07818 -19.6
-0.07793 -19.2
-0.07769 -18.7
-0.07745 -18.1
-0.0772 -17.5
-0.07696 -16.8
-0.07671 -16.0
-0.07647 -15.2
-0.07623 -14.3
-0.07598 -13.3
-0.07574 -12.3
-0.07549 -11.2
-0.07525 -10.1
-0.075 -8.9
-0.07476 -7.7
-0.07452 -6.4
-0.07427 -5.1
-0.07403 -3.8
-0.07378 -2.5
-0.07354 -1.2
-0.0733 0.2
-0.07305 1.5
-0.07281 2.9
-0.07256 4.2
-0.07232 5.5
-0.07207 6.8
-0.07183 8.1
-0.07159 9.4
-0.07134 10.6
-0.0711 11.8
-0.07085 12.9
-0.07061 14.0
-0.07037 15.0
-0.07012 15.9
-0.06988 16.8
-0.06963 17.6
-0.06939 18.3
-0.06915 19.0
-0.0689 19.6
-0.06866 20.1
-0.06841 20.5
-0.06817 20.8
-0.06792 21.0
-0.06768 21.1
-0.06744 21.2
-0.06719 21.1
-0.06695 20.9
-0.0667 20.7
-0.06646 20.3
-0.06622 19.9
-0.06597 19.4
-0.06573 18.8
-0.06548 18.0
-0.06524 17.2
-0.06499 16.4
-0.06475 15.4
-0.06451 14.4
-0.06426 13.3
-0.06402 12.1
-0.06377 10.9
-0.06353 9.6
-0.06329 8.3
-0.06304 6.9
-0.0628 5.5
-0.06255 4.1
-0.06231 2.6
-0.06207 1.1
-0.06182 -0.3
-0.06158 -1.8
-0.06133 -3.3
-0.06109 -4.8
-0.06084 -6.3
-0.0606 -7.7
-0.06036 -9.1
-0.06011 -10.5
-0.05987 -11.8
-0.05962 -13.0
-0.05938 -14.2
-0.05914 -15.4
-0.05889 -16.4
-0.05865 -17.4
-0.0584 -18.3
-0.05816 -19.1
-0.05791 -19.9
-0.05767 -20.5
-0.05743 -21.0
-0.05718 -21.4
-0.05694 -21.8
-0.05669 -22.0
-0.05645 -22.1
-0.05621 -22.0
-0.05596 -21.9
-0.05572 -21.7
-0.05547 -21.3
-0.05523 -20.9
-0.05499 -20.3
-0.05474 -19.6
-0.0545 -18.8
-0.05425 -17.9
-0.05401 -16.9
-0.05376 -15.9
-0.05352 -14.7
-0.05328 -13.5
-0.05303 -12.1
-0.05279 -10.7
-0.05254 -9.3
-0.0523 -7.8
-0.05206 -6.2
-0.05181 -4.6
-0.05157 -3.0
-0.05132 -1.3
-0.05108 0.3
-0.05083 2.0
-0.05059 3.7
-0.05035 5.3
-0.0501 6.9
-0.04986 8.5
-0.04961 10.1
-0.04937 11.6
-0.04913 13.0
-0.04888 14.4
-0.04864 15.7
-0.04839 16.9
-0.04815 18.1
-0.0479 19.1
-0.04766 20.0
-0.04742 20.9
-0.04717 21.6
-0.04693 22.1
-0.04668 22.6
-0.04644 22.9
-0.0462 23.1
-0.04595 23.2
-0.04571 23.1
-0.04546 22.9
-0.04522 22.5
-0.04498 22.0
-0.04473 21.4
-0.04449 20.6
-0.04424 19.8
-0.044 18.8
-0.04375 17.6
-0.04351 16.4
-0.04327 15.0
-0.04302 13.6
-0.04278 12.1
-0.04253 10.5
-0.04229 8.8
-0.04205 7.0
-0.0418 5.2
-0.04156 3.4
-0.04131 1.5
-0.04107 -0.4
-0.04082 -2.3
-0.04058 -4.2
-0.04034 -6.1
-0.04009 -7.9
-0.03985 -9.7
-0.0396 -11.5
-0.03936 -13.2
-0.03912 -14.8
-0.03887 -16.3
-0.03863 -17.7
-0.03838 -19.0
-0.03814 -20.2
-0.0379 -21.3
-0.03765 -22.2
-0.03741 -23.0
-0.03716 -23.6
-0.03692 -24.0
-0.03667 -24.3
-0.03643 -24.5
-0.03619 -24.4
-0.03594 -24.2
-0.0357 -23.9
-0.03545 -23.3
-0.03521 -22.6
-0.03497 -21.7
-0.03472 -20.7
-0.03448 -19.5
-0.03423 -18.1
-0.03399 -16.6
-0.03374 -15.0
-0.0335 -13.3
-0.03326 -11.4
-0.03301 -9.5
-0.03277 -7.5
-0.03252 -5.4
-0.03228 -3.2
-0.03204 -1.0
-0.03179 1.2
-0.03155 3.4
-0.0313 5.6
-0.03106 7.8
-0.03082 9.9
-0.03057 12.0
-0.03033 13.9
-0.03008 15.8
-0.02984 17.6
-0.02959 19.2
-0.02935 20.7
-0.02911 22.1
-0.02886 23.3
-0.02862 24.2
-0.02837 25.0
-0.02813 25.6
-0.02789 26.0
-0.02764 26.2
-0.0274 26.1
-0.02715 25.8
-0.02691 25.3
-0.02666 24.6
-0.02642 23.6
-0.02618 22.5
-0.02593 21.1
-0.02569 19.5
-0.02544 17.7
-0.0252 15.8
-0.02496 13.7
-0.02471 11.5
-0.02447 9.1
-0.02422 6.6
-0.02398 4.1
-0.02374 1.5
-0.02349 -1.2
-0.02325 -3.9
-0.023 -6.5
-0.02276 -9.1
-0.02251 -11.7
-0.02227 -14.1
-0.02203 -16.4
-0.02178 -18.6
-0.02154 -20.7
-0.02129 -22.5
-0.02105 -24.1
-0.02081 -25.5
-0.02056 -26.6
-0.02032 -27.5
-0.02007 -28.1
-0.01983 -28.3
-0.01958 -28.3
-0.01934 -28.0
-0.0191 -27.3
-0.01885 -26.3
-0.01861 -25.1
-0.01836 -23.5
-0.01812 -21.6
-0.01788 -19.5
-0.01763 -17.1
-0.01739 -14.5
-0.01714 -11.7
-0.0169 -8.7
-0.01665 -5.5
-0.01641 -2.3
-0.01617 1.0
-0.01592 4.4
-0.01568 7.7
-0.01543 11.0
-0.01519 14.2
-0.01495 17.2
-0.0147 20.0
-0.01446 22.6
-0.01421 25.0
-0.01397 27.0
-0.01373 28.7
-0.01348 29.9
-0.01324 30.8
-0.01299 31.2
-0.01275 31.2
-0.0125 30.7
-0.01226 29.7
-0.01202 28.3
-0.01177 26.4
-0.01153 24.0
-0.01128 21.2
-0.01104 18.0
-0.0108 14.5
-0.01055 10.6
-0.01031 6.5
-0.01006 2.2
-0.00982 -2.2
-0.00957 -6.7
-0.00933 -11.1
-0.00909 -15.4
-0.00884 -19.5
-0.0086 -23.3
-0.00835 -26.7
-0.00811 -29.7
-0.00787 -32.1
-0.00762 -33.8
-0.00738 -34.9
-0.00713 -35.3
-0.00689 -34.8
-0.00665 -33.6
-0.0064 -31.5
-0.00616 -28.6
-0.00591 -25.0
-0.00567 -20.6
-0.00542 -15.6
-0.00518 -10.0
-0.00494 -4.0
-0.00469 2.3
-0.00445 8.7
-0.0042 15.0
-0.00396 21.1
-0.00372 26.7
-0.00347 31.6
-0.00323 35.6
-0.00298 38.5
-0.00274 40.1
-0.00249 40.3
-0.00225 38.9
-0.00201 35.9
-0.00176 31.3
-0.00152 25.1
-0.00127 17.4
-0.00103 8.7
-0.00079 -1.0
-0.00054 -10.9
-0.0003 -20.6
-5e-05 -29.4
0.00019 -36.4
0.00043 -41.1
0.00068 -42.8
0.00092 -41.3
0.00117 -36.3
0.00141 -28.3
0.00166 -17.7
0.0019 -5.6
0.00214 6.7
0.00239 18.1
0.00263 27.2
0.00288 33.1
0.00312 35.0
0.00336 33.0
0.00361 27.3
0.00385 18.9
0.0041 8.8
0.00434 -1.6
0.00459 -10.9
0.00483 -18.1
0.00507 -22.3
0.00532 -23.4
0.00556 -21.3
0.00581 -16.6
0.00605 -10.3
0.00629 -3.2
0.00654 3.5
0.00678 9.0
0.00703 12.7
0.00727 14.3
0.00751 13.6
0.00776 11.2
0.008 7.5
0.00825 3.2
0.00849 -1.1
0.00874 -4.7
0.00898 -7.3
0.00922 -8.5
0.00947 -8.3
0.00971 -7.0
0.00996 -4.8
0.0102 -2.2
0.01044 0.4
0.01069 2.7
0.01093 4.3
0.01118 5.1
0.01142 5.0
0.01167 4.3
0.01191 3.0
0.01215 1.4
0.0124 -0.2
0.01264 -1.6
0.01289 -2.6
0.01313 -3.1
0.01337 -3.1
0.01362 -2.6
0.01386 -1.8
0.01411 -0.8
0.01435 0.1
0.0146 1.0
0.01484 1.6
0.01508 1.9
0.01533 1.9
0.01557 1.6
0.01582 1.1
0.01606 0.5
0.0163 0.0
0.01655 -0.6
0.01679 -1.0
0.01704 -1.1
0.01728 -1.1
0.01752 -1.0
0.01777 -0.7
0.01801 -0.3
0.01826 0.0
0.0185 0.4
0.01875 0.6
0.01899 0.7
0.01923 0.7
0.01948 0.6
0.01972 0.4
0.01997 0.2
0.02021 0.0
0.02045 -0.2
0.0207 -0.4
0.02094 -0.4
0.02119 -0.4
0.02143 -0.4
0.02168 -0.2
0.02192 -0.1
0.02216 0.0
0.02241 0.1
0.02265 0.2
0.0229 0.3
0.02314 0.3
0.02338 0.2
0.02363 0.2
0.02387 0.0
0.02412 0.0
0.02436 0.0
0.0246 -0.1
0.02485 -0.2
0.02509 -0.2
0.02534 -0.1
0.02558 0.0
0.02583 0.0
0.02607 0.0
0.02631 0.0
0.02656 0.0
0.0268 0.0
0.02705 0.0
0.02729 0.0
0.02753 0.0
0.02778 0.0
0.02802 0.0
0.02827 0.0
0.02851 0.0
0.02876 0.0
0.029 0.0
0.02924 0.0
0.02949 0.0
0.02973 0.0
0.02998 0.0
0.03022 0.0
0.03046 0.0
0.03071 0.0
0.03095 0.0
0.0312 0.0
0.03144 0.0
0.03168 0.0
0.03193 0.0
0.03217 0.0
0.03242 0.0
0.03266 0.0
0.03291 0.0
0.03315 0.0
0.03339 0.0
0.03364 0.0
0.03388 0.0
0.03413 0.0
0.03437 0.0
0.03461 0.0
0.03486 0.0
0.0351 0.0
0.03535 0.0
0.03559 0.0
0.03584 0.0
0.03608 0.0
0.03632 0.0
0.03657 0.0
0.03681 0.0
0.03706 0.0
0.0373 0.0
0.03754 0.0
0.03779 0.0
0.03803 0.0
0.03828 0.0
0.03852 0.0
0.03876 0.0
0.03901 0.0
0.03925 0.0
0.0395 0.0
0.03974 0.0
0.03999 0.0
0.04023 0.0
0.04047 0.0
0.04072 0.0
0.04096 0.0
0.04121 0.0
0.04145 0.0
0.04169 0.0
0.04194 0.0
0.04218 0.0
0.04243 0.0
0.04267 0.0
0.04292 0.0
0.04316 0.0
0.0434 0.0
0.04365 0.0
0.04389 0.0
0.04414 0.0
0.04438 0.0
0.04462 0.0
0.04487 0.0
0.04511 0.0
0.04536 0.0
0.0456 0.0
0.04585 0.0
0.04609 0.0
0.04633 0.0
0.04658 0.0
0.04682 0.0
0.04707 0.0
0.04731 0.0
0.04755 0.0
0.0478 0.0
0.04804 0.0
0.04829 0.0
0.04853 0.0
0.04877 0.0
0.04902 0.0
0.04926 0.0
0.04951 0.0
0.04975 0.0
0.05 0.0
0.05024 0.0
0.05048 0.0
0.05073 0.0
0.05097 0.0
0.05122 0.0
0.05146 0.0
0.0517 0.0
0.05195 0.0
0.05219 0.0
0.05244 0.0
0.05268 0.0
0.05293 0.0
0.05317 0.0
0.05341 0.0
0.05366 0.0
0.0539 0.0
0.05415 0.0
0.05439 0.0
0.05463 0.0
0.05488 0.0
0.05512 0.0
0.05537 0.0
0.05561 0.0
0.05585 0.0
0.0561 0.0
0.05634 0.0
0.05659 0.0
0.05683 0.0
0.05708 0.0
0.05732 0.0
0.05756 0.0
0.05781 0.0
0.05805 0.0
0.0583 0.0
0.05854 0.0
0.05878 0.0
0.05903 0.0
0.05927 0.0
0.05952 0.0
0.05976 0.0
0.06001 0.0
0.06025 0.0
0.06049 0.0
0.06074 0.0
0.06098 0.0
0.06123 0.0
0.06147 0.0
0.06171 0.0
0.06196 0.0
0.0622 0.0
0.06245 0.0
0.06269 0.0
0.06293 0.0
0.06318 0.0
0.06342 0.0
0.06367 0.0
0.06391 0.0
0.06416 0.0
0.0644 0.0
0.06464 0.0
0.06489 0.0
0.06513 0.0
0.06538 0.0
0.06562 0.0
0.06586 0.0
0.06611 0.0
0.06635 0.0
0.0666 0.0
0.06684 0.0
0.06709 0.0
0.06733 0.0
0.06757 0.0
0.06782 0.0
0.06806 0.0
0.06831 0.0
0.06855 0.0
0.06879 0.0
0.06904 0.0
0.06928 0.0
0.06953 0.0
0.06977 0.0
0.07001 0.0
0.07026 0.0
0.0705 0.0
0.07075 0.0
0.07099 0.0
0.07124 0.0
0.07148 0.0
0.07172 0.0
0.07197 0.0
0.07221 0.0
0.07246 0.0
0.0727 0.0
0.07294 0.0
0.07319 0.0
0.07343 0.0
0.07368 0.0
0.07392 0.0
0.07417 0.0
0.07441 0.0
0.07465 0.0
0.0749 0.0
0.07514 0.0
0.07539 0.0
0.07563 0.0
0.07587 0.0
0.07612 0.0
0.07636 0.0
0.07661 0.0
0.07685 0.0
0.0771 0.0
0.07734 0.0
0.07758 0.0
0.07783 0.0
0.07807 0.0
0.07832 0.0
0.07856 0.0
0.0788 0.0
0.07905 0.0
0.07929 0.0
0.07954 0.0
0.07978 0.0
0.08002 0.0
0.08027 0.0
0.08051 0.0
0.08076 0.0
0.081 0.0
0.08125 0.0
0.08149 0.0
0.08173 0.0
0.08198 0.0
0.08222 0.0
0.08247 0.0
0.08271 0.0
0.08295 0.0
0.0832 0.0
0.08344 0.0
0.08369 0.0
0.08393 0.0
0.08418 0.0
0.08442 0.0
0.08466 0.0
0.08491 0.0
0.08515 0.0
0.0854 0.0
0.08564 0.0
0.08588 0.0
0.08613 0.0
0.08637 0.0
0.08662 0.0
0.08686 0.0
0.0871 0.0
0.08735 0.0
0.08759 0.0
0.08784 0.0
0.08808 0.0
0.08833 0.0
0.08857 0.0
0.08881 0.0
0.08906 0.0
0.0893 0.0
0.08955 0.0
0.08979 0.0
0.09003 0.0
0.09028 0.0
0.09052 0.0
0.09077 0.0
0.09101 0.0
0.09126 0.0
0.0915 0.0
0.09174 0.0
0.09199 0.0
0.09223 0.0
0.09248 0.0
0.09272 0.0
0.09296 0.0
0.09321 0.0
0.09345 0.0
0.0937 0.0
0.09394 0.0
0.09418 0.0
0.09443 0.0
0.09467 0.0
0.09492 0.0
0.09516 0.0
0.09541 0.0
0.09565 0.0
0.09589 0.0
0.09614 0.0
0.09638 0.0
0.09663 0.0
0.09687 0.0
0.09711 0.0
0.09736 0.0
0.0976 0.0
0.09785 0.0
0.09809 0.0
0.09834 0.0
0.09858 0.0
0.09882 0.0
0.09907 0.0
0.09931 0.0
0.09956 0.0
0.0998 0.0
0.10004 0.0
0.10029 0.0
0.10053 0.0
0.10078 0.0
0.10102 0.0
0.10126 0.0
0.10151 0.0
0.10175 0.0
0.102 0.0
0.10224 0.0
0.10249 0.0
0.10273 0.0
0.10297 0.0
0.10322 0.0
0.10346 0.0
0.10371 0.0
0.10395 0.0
0.10419 0.0
0.10444 0.0
0.10468 0.0
0.10493 0.0
0.10517 0.0
0.10542 0.0
0.10566 0.0
0.1059 0.0
0.10615 0.0
0.10639 0.0
0.10664 0.0
0.10688 0.0
0.10712 0.0
0.10737 0.0
0.10761 0.0
0.10786 0.0
0.1081 0.0
0.10835 0.0
0.10859 0.0
0.10883 0.0
0.10908 0.0
0.10932 0.0
0.10957 0.0
0.10981 0.0
0.11005 0.0
0.1103 0.0
0.11054 0.0
0.11079 0.0
0.11103 0.0
0.11127 0.0
0.11152 0.0
0.11176 0.0
0.11201 0.0
0.11225 0.0
0.1125 0.0
0.11274 0.0
0.11298 0.0
0.11323 0.0
0.11347 0.0
0.11372 0.0
0.11396 0.0
0.1142 0.0
0.11445 0.0
0.11469 0.0
0.11494 0.0
0.11518 0.0
0.11543 0.0
0.11567 0.0
0.11591 0.0
0.11616 0.0
0.1164 0.0
0.11665 0.0
0.11689 0.0
0.11713 0.0
0.11738 0.0
0.11762 0.0
0.11787 0.0
0.11811 0.0
0.11835 0.0
0.1186 0.0
0.11884 0.0
0.11909 0.0
0.11933 0.0
0.11958 0.0
0.11982 0.0
0.12006 0.0
0.12031 0.0
0.12055 0.0
0.1208 0.0
0.12104 0.0
0.12128 0.0
0.12153 0.0
0.12177 0.0
0.12202 0.0
0.12226 0.0
0.12251 0.0
0.12275 0.0
0.12299 0.0
0.12324 0.0
0.12348 0.0
0.12373 0.0
0.12397 0.0
0.12421 0.0
0.12446 0.0
0.1247 0.0
0.12495 0.0
0.12519 0.0
0.12543 0.0
0.12568 0.0
0.12592 0.0
0.12617 0.0
0.12641 0.0
0.12666 0.0
0.1269 0.0
0.12714 0.0
0.12739 0.0
0.12763 0.0
0.12788 0.0
0.12812 0.0
0.12836 0.0
0.12861 0.0
0.12885 0.0
0.1291 0.0
0.12934 0.0
0.12959 0.0
0.12983 0.0
0.13007 0.0
0.13032 0.0
0.13056 0.0
0.13081 0.0
0.13105 0.0
0.13129 0.0
0.13154 0.0
0.13178 0.0
0.13203 0.0
0.13227 0.0
0.13251 0.0
0.13276 0.0
0.133 0.0
0.13325 0.0
0.13349 0.0
0.13374 0.0
0.13398 0.0
0.13422 0.0
0.13447 0.0
0.13471 0.0
0.13496 0.0
0.1352 0.0
0.13544 0.0
0.13569 0.0
0.13593 0.0
0.13618 0.0
0.13642 0.0
0.13667 0.0
0.13691 0.0
0.13715 0.0
0.1374 0.0
0.13764 0.0
0.13789 0.0
0.13813 0.0
0.13837 0.0
0.13862 0.0
0.13886 0.0
0.13911 0.0
0.13935 0.0
0.1396 0.0
0.13984 0.0
0.14008 0.0
0.14033 0.0
0.14057 0.0
0.14082 0.0
0.14106 0.0
0.1413 0.0
0.14155 0.0
0.14179 0.0
0.14204 0.0
0.14228 0.0
0.14252 0.0
0.14277 0.0
0.14301 0.0
0.14326 0.0
0.1435 0.0
0.14375 0.0
0.14399 0.0
0.14423 0.0
0.14448 0.0
0.14472 0.0
0.14497 0.0
0.14521 0.0
0.14545 0.0
0.1457 0.0
0.14594 0.0
0.14619 0.0
0.14643 0.0
0.14668 0.0
0.14692 0.0
0.14716 0.0
0.14741 0.0
0.14765 0.0
0.1479 0.0
0.14814 0.0
0.14838 0.0
0.14863 0.0
0.14887 0.0
0.14912 0.0
0.14936 0.0
0.1496 0.0
0.14985 0.0
0.15009 0.0
0.15034 0.0
0.15058 0.0
0.15083 0.0
0.15107 0.0
0.15131 0.0
0.15156 0.0
0.1518 0.0
0.15205 0.0
0.15229 0.0
0.15253 0.0
0.15278 0.0
0.15302 0.0
0.15327 0.0
0.15351 0.0
0.15376 0.0
0.154 0.0
0.15424 0.0
0.15449 0.0
0.15473 0.0
0.15498 0.0
0.15522 0.0
0.15546 0.0
0.15571 0.0
0.15595 0.0
0.1562 0.0
0.15644 0.0
0.15668 0.0
0.15693 0.0
0.15717 0.0
0.15742 0.0
0.15766 0.0
0.15791 0.0
0.15815 0.0
0.15839 0.0
0.15864 0.0
0.15888 0.0
