t strain*1e23
-0.617 17.8
-0.61676 16.9
-0.61652 15.9
-0.61627 14.9
-0.61603 13.9
-0.61578 12.8
-0.61554 11.7
-0.6153 10.7
-0.61505 9.6
-0.61481 8.5
-0.61456 7.3
-0.61432 6.2
-0.61407 5.1
-0.61383 3.9
-0.61359 2.8
-0.61334 1.6
-0.6131 0.5
-0.61285 -0.7
-0.61261 -1.8
-0.61237 -3.0
-0.61212 -4.1
-0.61188 -5.3
-0.61163 -6.4
-0.61139 -7.6
-0.61115 -8.7
-0.6109 -9.8
-0.61066 -10.9
-0.61041 -12.0
-0.61017 -13.0
-0.60992 -14.1
-0.60968 -15.1
-0.60944 -16.2
-0.60919 -17.1
-0.60895 -18.1
-0.6087 -19.1
-0.60846 -20.0
-0.60822 -20.9
-0.60797 -21.8
-0.60773 -22.6
-0.60748 -23.4
-0.60724 -24.2
-0.60699 -25.0
-0.60675 -25.7
-0.60651 -26.4
-0.60626 -27.0
-0.60602 -27.6
-0.60577 -28.2
-0.60553 -28.8
-0.60529 -29.3
-0.60504 -29.7
-0.6048 -30.2
-0.60455 -30.5
-0.60431 -30.9
-0.60406 -31.2
-0.60382 -31.5
-0.60358 -31.7
-0.60333 -31.9
-0.60309 -32.0
-0.60284 -32.1
-0.6026 -32.2
-0.60236 -32.2
-0.60211 -32.2
-0.60187 -32.1
-0.60162 -32.0
-0.60138 -31.9
-0.60114 -31.7
-0.60089 -31.4
-0.60065 -31.1
-0.6004 -30.8
-0.60016 -30.5
-0.59991 -30.1
-0.59967 -29.6
-0.59943 -29.2
-0.59918 -28.6
-0.59894 -28.1
-0.59869 -27.5
-0.59845 -26.9
-0.59821 -26.2
-0.59796 -25.5
-0.59772 -24.8
-0.59747 -24.0
-0.59723 -23.2
-0.59698 -22.4
-0.59674 -21.5
-0.5965 -20.6
-0.59625 -19.7
-0.59601 -18.8
-0.59576 -17.8
-0.59552 -16.8
-0.59528 -15.8
-0.59503 -14.7
-0.59479 -13.7
-0.59454 -12.6
-0.5943 -11.5
-0.59406 -10.4
-0.59381 -9.3
-0.59357 -8.2
-0.59332 -7.0
-0.59308 -5.9
-0.59283 -4.7
-0.59259 -3.5
-0.59235 -2.4
-0.5921 -1.2
-0.59186 0.0
-0.59161 1.2
-0.59137 2.4
-0.59113 3.5
-0.59088 4.7
-0.59064 5.9
-0.59039 7.0
-0.59015 8.2
-0.5899 9.3
-0.58966 10.4
-0.58942 11.6
-0.58917 12.7
-0.58893 13.7
-0.58868 14.8
-0.58844 15.9
-0.5882 16.9
-0.58795 17.9
-0.58771 18.9
-0.58746 19.8
-0.58722 20.7
-0.58698 21.6
-0.58673 22.5
-0.58649 23.3
-0.58624 24.2
-0.586 24.9
-0.58575 25.7
-0.58551 26.4
-0.58527 27.1
-0.58502 27.7
-0.58478 28.3
-0.58453 28.9
-0.58429 29.4
-0.58405 29.9
-0.5838 30.3
-0.58356 30.7
-0.58331 31.1
-0.58307 31.4
-0.58282 31.7
-0.58258 31.9
-0.58234 32.1
-0.58209 32.3
-0.58185 32.4
-0.5816 32.5
-0.58136 32.5
-0.58112 32.4
-0.58087 32.4
-0.58063 32.3
-0.58038 32.1
-0.58014 31.9
-0.5799 31.7
-0.57965 31.4
-0.57941 31.1
-0.57916 30.7
-0.57892 30.3
-0.57867 29.8
-0.57843 29.3
-0.57819 28.8
-0.57794 28.2
-0.5777 27.6
-0.57745 27.0
-0.57721 26.3
-0.57697 25.6
-0.57672 24.8
-0.57648 24.0
-0.57623 23.2
-0.57599 22.4
-0.57574 21.5
-0.5755 20.6
-0.57526 19.6
-0.57501 18.7
-0.57477 17.7
-0.57452 16.6
-0.57428 15.6
-0.57404 14.5
-0.57379 13.5
-0.57355 12.4
-0.5733 11.2
-0.57306 10.1
-0.57281 9.0
-0.57257 7.8
-0.57233 6.6
-0.57208 5.4
-0.57184 4.2
-0.57159 3.1
-0.57135 1.9
-0.57111 0.6
-0.57086 -0.6
-0.57062 -1.8
-0.57037 -3.0
-0.57013 -4.2
-0.56989 -5.4
-0.56964 -6.5
-0.5694 -7.7
-0.56915 -8.9
-0.56891 -10.0
-0.56866 -11.2
-0.56842 -12.3
-0.56818 -13.4
-0.56793 -14.5
-0.56769 -15.6
-0.56744 -16.6
-0.5672 -17.7
-0.56696 -18.7
-0.56671 -19.7
-0.56647 -20.6
-0.56622 -21.5
-0.56598 -22.4
-0.56573 -23.3
-0.56549 -24.1
-0.56525 -24.9
-0.565 -25.7
-0.56476 -26.5
-0.56451 -27.1
-0.56427 -27.8
-0.56403 -28.4
-0.56378 -29.0
-0.56354 -29.6
-0.56329 -30.1
-0.56305 -30.5
-0.56281 -30.9
-0.56256 -31.3
-0.56232 -31.6
-0.56207 -31.9
-0.56183 -32.2
-0.56158 -32.4
-0.56134 -32.5
-0.5611 -32.7
-0.56085 -32.7
-0.56061 -32.7
-0.56036 -32.7
-0.56012 -32.6
-0.55988 -32.5
-0.55963 -32.4
-0.55939 -32.2
-0.55914 -31.9
-0.5589 -31.6
-0.55865 -31.3
-0.55841 -30.9
-0.55817 -30.5
-0.55792 -30.0
-0.55768 -29.5
-0.55743 -29.0
-0.55719 -28.4
-0.55695 -27.7
-0.5567 -27.1
-0.55646 -26.4
-0.55621 -25.6
-0.55597 -24.8
-0.55573 -24.0
-0.55548 -23.2
-0.55524 -22.3
-0.55499 -21.4
-0.55475 -20.5
-0.5545 -19.5
-0.55426 -18.5
-0.55402 -17.5
-0.55377 -16.4
-0.55353 -15.3
-0.55328 -14.3
-0.55304 -13.1
-0.5528 -12.0
-0.55255 -10.9
-0.55231 -9.7
-0.55206 -8.5
-0.55182 -7.3
-0.55157 -6.1
-0.55133 -4.9
-0.55109 -3.7
-0.55084 -2.5
-0.5506 -1.2
-0.55035 0.0
-0.55011 1.2
-0.54987 2.5
-0.54962 3.7
-0.54938 4.9
-0.54913 6.1
-0.54889 7.3
-0.54865 8.5
-0.5484 9.7
-0.54816 10.9
-0.54791 12.0
-0.54767 13.2
-0.54742 14.3
-0.54718 15.4
-0.54694 16.5
-0.54669 17.5
-0.54645 18.6
-0.5462 19.6
-0.54596 20.6
-0.54572 21.5
-0.54547 22.4
-0.54523 23.3
-0.54498 24.2
-0.54474 25.0
-0.54449 25.8
-0.54425 26.6
-0.54401 27.3
-0.54376 28.0
-0.54352 28.6
-0.54327 29.2
-0.54303 29.8
-0.54279 30.3
-0.54254 30.7
-0.5423 31.2
-0.54205 31.6
-0.54181 31.9
-0.54156 32.2
-0.54132 32.5
-0.54108 32.7
-0.54083 32.8
-0.54059 32.9
-0.54034 33.0
-0.5401 33.0
-0.53986 33.0
-0.53961 32.9
-0.53937 32.8
-0.53912 32.6
-0.53888 32.4
-0.53864 32.1
-0.53839 31.8
-0.53815 31.5
-0.5379 31.1
-0.53766 30.7
-0.53741 30.2
-0.53717 29.6
-0.53693 29.1
-0.53668 28.5
-0.53644 27.8
-0.53619 27.1
-0.53595 26.4
-0.53571 25.6
-0.53546 24.8
-0.53522 24.0
-0.53497 23.1
-0.53473 22.2
-0.53448 21.2
-0.53424 20.3
-0.534 19.3
-0.53375 18.2
-0.53351 17.2
-0.53326 16.1
-0.53302 15.0
-0.53278 13.9
-0.53253 12.7
-0.53229 11.5
-0.53204 10.4
-0.5318 9.2
-0.53156 7.9
-0.53131 6.7
-0.53107 5.5
-0.53082 4.2
-0.53058 3.0
-0.53033 1.7
-0.53009 0.5
-0.52985 -0.8
-0.5296 -2.0
-0.52936 -3.3
-0.52911 -4.5
-0.52887 -5.8
-0.52863 -7.0
-0.52838 -8.2
-0.52814 -9.4
-0.52789 -10.7
-0.52765 -11.8
-0.5274 -13.0
-0.52716 -14.2
-0.52692 -15.3
-0.52667 -16.4
-0.52643 -17.5
-0.52618 -18.6
-0.52594 -19.6
-0.5257 -20.6
-0.52545 -21.6
-0.52521 -22.5
-0.52496 -23.4
-0.52472 -24.3
-0.52448 -25.2
-0.52423 -26.0
-0.52399 -26.7
-0.52374 -27.5
-0.5235 -28.2
-0.52325 -28.8
-0.52301 -29.4
-0.52277 -30.0
-0.52252 -30.5
-0.52228 -31.0
-0.52203 -31.5
-0.52179 -31.9
-0.52155 -32.2
-0.5213 -32.5
-0.52106 -32.8
-0.52081 -33.0
-0.52057 -33.1
-0.52032 -33.2
-0.52008 -33.3
-0.51984 -33.3
-0.51959 -33.3
-0.51935 -33.2
-0.5191 -33.0
-0.51886 -32.9
-0.51862 -32.6
-0.51837 -32.4
-0.51813 -32.0
-0.51788 -31.7
-0.51764 -31.2
-0.5174 -30.8
-0.51715 -30.3
-0.51691 -29.7
-0.51666 -29.1
-0.51642 -28.5
-0.51617 -27.8
-0.51593 -27.1
-0.51569 -26.3
-0.51544 -25.5
-0.5152 -24.7
-0.51495 -23.8
-0.51471 -22.9
-0.51447 -21.9
-0.51422 -21.0
-0.51398 -19.9
-0.51373 -18.9
-0.51349 -17.8
-0.51324 -16.7
-0.513 -15.6
-0.51276 -14.5
-0.51251 -13.3
-0.51227 -12.1
-0.51202 -10.9
-0.51178 -9.7
-0.51154 -8.5
-0.51129 -7.2
-0.51105 -6.0
-0.5108 -4.7
-0.51056 -3.4
-0.51031 -2.2
-0.51007 -0.9
-0.50983 0.4
-0.50958 1.7
-0.50934 3.0
-0.50909 4.3
-0.50885 5.5
-0.50861 6.8
-0.50836 8.0
-0.50812 9.3
-0.50787 10.5
-0.50763 11.7
-0.50739 12.9
-0.50714 14.1
-0.5069 15.3
-0.50665 16.4
-0.50641 17.5
-0.50616 18.6
-0.50592 19.7
-0.50568 20.7
-0.50543 21.7
-0.50519 22.7
-0.50494 23.6
-0.5047 24.5
-0.50446 25.4
-0.50421 26.2
-0.50397 27.0
-0.50372 27.8
-0.50348 28.5
-0.50323 29.1
-0.50299 29.8
-0.50275 30.3
-0.5025 30.9
-0.50226 31.4
-0.50201 31.8
-0.50177 32.2
-0.50153 32.5
-0.50128 32.8
-0.50104 33.1
-0.50079 33.3
-0.50055 33.4
-0.50031 33.5
-0.50006 33.6
-0.49982 33.6
-0.49957 33.5
-0.49933 33.4
-0.49908 33.3
-0.49884 33.1
-0.4986 32.8
-0.49835 32.5
-0.49811 32.2
-0.49786 31.8
-0.49762 31.3
-0.49738 30.9
-0.49713 30.3
-0.49689 29.7
-0.49664 29.1
-0.4964 28.4
-0.49615 27.7
-0.49591 26.9
-0.49567 26.1
-0.49542 25.3
-0.49518 24.4
-0.49493 23.5
-0.49469 22.6
-0.49445 21.6
-0.4942 20.6
-0.49396 19.5
-0.49371 18.4
-0.49347 17.3
-0.49323 16.2
-0.49298 15.0
-0.49274 13.8
-0.49249 12.6
-0.49225 11.4
-0.492 10.2
-0.49176 8.9
-0.49152 7.7
-0.49127 6.4
-0.49103 5.1
-0.49078 3.8
-0.49054 2.5
-0.4903 1.2
-0.49005 -0.2
-0.48981 -1.5
-0.48956 -2.8
-0.48932 -4.1
-0.48907 -5.4
-0.48883 -6.7
-0.48859 -8.0
-0.48834 -9.3
-0.4881 -10.5
-0.48785 -11.8
-0.48761 -13.0
-0.48737 -14.2
-0.48712 -15.4
-0.48688 -16.6
-0.48663 -17.7
-0.48639 -18.8
-0.48615 -19.9
-0.4859 -20.9
-0.48566 -22.0
-0.48541 -23.0
-0.48517 -23.9
-0.48492 -24.8
-0.48468 -25.7
-0.48444 -26.6
-0.48419 -27.4
-0.48395 -28.1
-0.4837 -28.8
-0.48346 -29.5
-0.48322 -30.1
-0.48297 -30.7
-0.48273 -31.3
-0.48248 -31.8
-0.48224 -32.2
-0.48199 -32.6
-0.48175 -32.9
-0.48151 -33.2
-0.48126 -33.5
-0.48102 -33.6
-0.48077 -33.8
-0.48053 -33.9
-0.48029 -33.9
-0.48004 -33.9
-0.4798 -33.8
-0.47955 -33.7
-0.47931 -33.5
-0.47906 -33.3
-0.47882 -33.0
-0.47858 -32.7
-0.47833 -32.3
-0.47809 -31.9
-0.47784 -31.4
-0.4776 -30.9
-0.47736 -30.3
-0.47711 -29.7
-0.47687 -29.0
-0.47662 -28.3
-0.47638 -27.5
-0.47614 -26.7
-0.47589 -25.9
-0.47565 -25.0
-0.4754 -24.1
-0.47516 -23.1
-0.47491 -22.1
-0.47467 -21.1
-0.47443 -20.0
-0.47418 -18.9
-0.47394 -17.8
-0.47369 -16.6
-0.47345 -15.5
-0.47321 -14.2
-0.47296 -13.0
-0.47272 -11.8
-0.47247 -10.5
-0.47223 -9.2
-0.47198 -7.9
-0.47174 -6.6
-0.4715 -5.3
-0.47125 -4.0
-0.47101 -2.6
-0.47076 -1.3
-0.47052 0.0
-0.47028 1.4
-0.47003 2.8
-0.46979 4.1
-0.46954 5.4
-0.4693 6.8
-0.46906 8.1
-0.46881 9.4
-0.46857 10.7
-0.46832 11.9
-0.46808 13.2
-0.46783 14.4
-0.46759 15.6
-0.46735 16.8
-0.4671 18.0
-0.46686 19.1
-0.46661 20.2
-0.46637 21.3
-0.46613 22.4
-0.46588 23.4
-0.46564 24.3
-0.46539 25.3
-0.46515 26.2
-0.4649 27.0
-0.46466 27.8
-0.46442 28.6
-0.46417 29.3
-0.46393 30.0
-0.46368 30.6
-0.46344 31.2
-0.4632 31.7
-0.46295 32.2
-0.46271 32.7
-0.46246 33.0
-0.46222 33.4
-0.46198 33.6
-0.46173 33.9
-0.46149 34.0
-0.46124 34.1
-0.461 34.2
-0.46075 34.2
-0.46051 34.2
-0.46027 34.1
-0.46002 33.9
-0.45978 33.7
-0.45953 33.4
-0.45929 33.1
-0.45905 32.8
-0.4588 32.3
-0.45856 31.9
-0.45831 31.3
-0.45807 30.8
-0.45782 30.2
-0.45758 29.5
-0.45734 28.8
-0.45709 28.0
-0.45685 27.2
-0.4566 26.3
-0.45636 25.4
-0.45612 24.5
-0.45587 23.5
-0.45563 22.5
-0.45538 21.5
-0.45514 20.4
-0.4549 19.3
-0.45465 18.1
-0.45441 16.9
-0.45416 15.7
-0.45392 14.5
-0.45367 13.3
-0.45343 12.0
-0.45319 10.7
-0.45294 9.4
-0.4527 8.0
-0.45245 6.7
-0.45221 5.3
-0.45197 4.0
-0.45172 2.6
-0.45148 1.2
-0.45123 -0.1
-0.45099 -1.5
-0.45074 -2.9
-0.4505 -4.3
-0.45026 -5.6
-0.45001 -7.0
-0.44977 -8.3
-0.44952 -9.7
-0.44928 -11.0
-0.44904 -12.3
-0.44879 -13.6
-0.44855 -14.8
-0.4483 -16.1
-0.44806 -17.3
-0.44781 -18.5
-0.44757 -19.6
-0.44733 -20.8
-0.44708 -21.8
-0.44684 -22.9
-0.44659 -23.9
-0.44635 -24.9
-0.44611 -25.8
-0.44586 -26.7
-0.44562 -27.6
-0.44537 -28.4
-0.44513 -29.2
-0.44489 -29.9
-0.44464 -30.6
-0.4444 -31.2
-0.44415 -31.8
-0.44391 -32.3
-0.44366 -32.8
-0.44342 -33.2
-0.44318 -33.5
-0.44293 -33.8
-0.44269 -34.1
-0.44244 -34.3
-0.4422 -34.4
-0.44196 -34.5
-0.44171 -34.5
-0.44147 -34.5
-0.44122 -34.4
-0.44098 -34.3
-0.44073 -34.1
-0.44049 -33.9
-0.44025 -33.5
-0.44 -33.2
-0.43976 -32.8
-0.43951 -32.3
-0.43927 -31.8
-0.43903 -31.2
-0.43878 -30.6
-0.43854 -29.9
-0.43829 -29.2
-0.43805 -28.4
-0.43781 -27.6
-0.43756 -26.7
-0.43732 -25.8
-0.43707 -24.8
-0.43683 -23.8
-0.43658 -22.8
-0.43634 -21.7
-0.4361 -20.6
-0.43585 -19.5
-0.43561 -18.3
-0.43536 -17.1
-0.43512 -15.9
-0.43488 -14.6
-0.43463 -13.3
-0.43439 -12.0
-0.43414 -10.7
-0.4339 -9.3
-0.43365 -8.0
-0.43341 -6.6
-0.43317 -5.2
-0.43292 -3.8
-0.43268 -2.4
-0.43243 -1.0
-0.43219 0.4
-0.43195 1.8
-0.4317 3.3
-0.43146 4.7
-0.43121 6.1
-0.43097 7.4
-0.43073 8.8
-0.43048 10.2
-0.43024 11.5
-0.42999 12.9
-0.42975 14.2
-0.4295 15.4
-0.42926 16.7
-0.42902 17.9
-0.42877 19.1
-0.42853 20.3
-0.42828 21.4
-0.42804 22.6
-0.4278 23.6
-0.42755 24.6
-0.42731 25.6
-0.42706 26.6
-0.42682 27.5
-0.42657 28.3
-0.42633 29.1
-0.42609 29.9
-0.42584 30.6
-0.4256 31.3
-0.42535 31.9
-0.42511 32.4
-0.42487 32.9
-0.42462 33.4
-0.42438 33.8
-0.42413 34.1
-0.42389 34.4
-0.42365 34.6
-0.4234 34.7
-0.42316 34.8
-0.42291 34.9
-0.42267 34.9
-0.42242 34.8
-0.42218 34.7
-0.42194 34.5
-0.42169 34.2
-0.42145 33.9
-0.4212 33.6
-0.42096 33.1
-0.42072 32.7
-0.42047 32.1
-0.42023 31.5
-0.41998 30.9
-0.41974 30.2
-0.41949 29.5
-0.41925 28.7
-0.41901 27.8
-0.41876 26.9
-0.41852 26.0
-0.41827 25.0
-0.41803 24.0
-0.41779 22.9
-0.41754 21.8
-0.4173 20.7
-0.41705 19.5
-0.41681 18.3
-0.41656 17.1
-0.41632 15.8
-0.41608 14.5
-0.41583 13.2
-0.41559 11.8
-0.41534 10.4
-0.4151 9.1
-0.41486 7.7
-0.41461 6.2
-0.41437 4.8
-0.41412 3.4
-0.41388 1.9
-0.41364 0.5
-0.41339 -1.0
-0.41315 -2.4
-0.4129 -3.8
-0.41266 -5.3
-0.41241 -6.7
-0.41217 -8.1
-0.41193 -9.5
-0.41168 -10.9
-0.41144 -12.3
-0.41119 -13.7
-0.41095 -15.0
-0.41071 -16.3
-0.41046 -17.6
-0.41022 -18.8
-0.40997 -20.0
-0.40973 -21.2
-0.40948 -22.4
-0.40924 -23.5
-0.409 -24.5
-0.40875 -25.6
-0.40851 -26.5
-0.40826 -27.5
-0.40802 -28.4
-0.40778 -29.2
-0.40753 -30.0
-0.40729 -30.7
-0.40704 -31.4
-0.4068 -32.1
-0.40656 -32.6
-0.40631 -33.2
-0.40607 -33.6
-0.40582 -34.0
-0.40558 -34.4
-0.40533 -34.7
-0.40509 -34.9
-0.40485 -35.1
-0.4046 -35.2
-0.40436 -35.2
-0.40411 -35.2
-0.40387 -35.2
-0.40363 -35.0
-0.40338 -34.8
-0.40314 -34.6
-0.40289 -34.3
-0.40265 -33.9
-0.4024 -33.4
-0.40216 -33.0
-0.40192 -32.4
-0.40167 -31.8
-0.40143 -31.1
-0.40118 -30.4
-0.40094 -29.6
-0.4007 -28.8
-0.40045 -27.9
-0.40021 -27.0
-0.39996 -26.1
-0.39972 -25.0
-0.39948 -24.0
-0.39923 -22.9
-0.39899 -21.7
-0.39874 -20.6
-0.3985 -19.3
-0.39825 -18.1
-0.39801 -16.8
-0.39777 -15.5
-0.39752 -14.1
-0.39728 -12.8
-0.39703 -11.4
-0.39679 -10.0
-0.39655 -8.5
-0.3963 -7.1
-0.39606 -5.6
-0.39581 -4.2
-0.39557 -2.7
-0.39532 -1.2
-0.39508 0.3
-0.39484 1.8
-0.39459 3.3
-0.39435 4.7
-0.3941 6.2
-0.39386 7.7
-0.39362 9.1
-0.39337 10.5
-0.39313 12.0
-0.39288 13.4
-0.39264 14.7
-0.3924 16.1
-0.39215 17.4
-0.39191 18.7
-0.39166 19.9
-0.39142 21.2
-0.39117 22.3
-0.39093 23.5
-0.39069 24.6
-0.39044 25.6
-0.3902 26.7
-0.38995 27.6
-0.38971 28.6
-0.38947 29.4
-0.38922 30.2
-0.38898 31.0
-0.38873 31.7
-0.38849 32.4
-0.38824 33.0
-0.388 33.5
-0.38776 34.0
-0.38751 34.4
-0.38727 34.8
-0.38702 35.1
-0.38678 35.3
-0.38654 35.5
-0.38629 35.6
-0.38605 35.6
-0.3858 35.6
-0.38556 35.5
-0.38531 35.4
-0.38507 35.1
-0.38483 34.9
-0.38458 34.5
-0.38434 34.1
-0.38409 33.7
-0.38385 33.2
-0.38361 32.6
-0.38336 31.9
-0.38312 31.2
-0.38287 30.5
-0.38263 29.7
-0.38239 28.8
-0.38214 27.9
-0.3819 26.9
-0.38165 25.9
-0.38141 24.9
-0.38116 23.7
-0.38092 22.6
-0.38068 21.4
-0.38043 20.2
-0.38019 18.9
-0.37994 17.6
-0.3797 16.3
-0.37946 14.9
-0.37921 13.5
-0.37897 12.1
-0.37872 10.6
-0.37848 9.2
-0.37823 7.7
-0.37799 6.2
-0.37775 4.7
-0.3775 3.2
-0.37726 1.7
-0.37701 0.1
-0.37677 -1.4
-0.37653 -2.9
-0.37628 -4.4
-0.37604 -5.9
-0.37579 -7.4
-0.37555 -8.9
-0.37531 -10.4
-0.37506 -11.9
-0.37482 -13.3
-0.37457 -14.7
-0.37433 -16.1
-0.37408 -17.5
-0.37384 -18.8
-0.3736 -20.1
-0.37335 -21.3
-0.37311 -22.6
-0.37286 -23.7
-0.37262 -24.9
-0.37238 -26.0
-0.37213 -27.0
-0.37189 -28.0
-0.37164 -28.9
-0.3714 -29.8
-0.37115 -30.7
-0.37091 -31.4
-0.37067 -32.2
-0.37042 -32.8
-0.37018 -33.4
-0.36993 -34.0
-0.36969 -34.4
-0.36945 -34.9
-0.3692 -35.2
-0.36896 -35.5
-0.36871 -35.7
-0.36847 -35.9
-0.36823 -36.0
-0.36798 -36.0
-0.36774 -36.0
-0.36749 -35.8
-0.36725 -35.7
-0.367 -35.4
-0.36676 -35.1
-0.36652 -34.7
-0.36627 -34.3
-0.36603 -33.8
-0.36578 -33.2
-0.36554 -32.6
-0.3653 -31.9
-0.36505 -31.2
-0.36481 -30.4
-0.36456 -29.5
-0.36432 -28.6
-0.36407 -27.6
-0.36383 -26.6
-0.36359 -25.5
-0.36334 -24.4
-0.3631 -23.2
-0.36285 -22.0
-0.36261 -20.8
-0.36237 -19.5
-0.36212 -18.2
-0.36188 -16.8
-0.36163 -15.4
-0.36139 -14.0
-0.36115 -12.5
-0.3609 -11.0
-0.36066 -9.5
-0.36041 -8.0
-0.36017 -6.5
-0.35992 -5.0
-0.35968 -3.4
-0.35944 -1.8
-0.35919 -0.3
-0.35895 1.3
-0.3587 2.9
-0.35846 4.4
-0.35822 6.0
-0.35797 7.5
-0.35773 9.1
-0.35748 10.6
-0.35724 12.1
-0.35699 13.6
-0.35675 15.0
-0.35651 16.4
-0.35626 17.8
-0.35602 19.2
-0.35577 20.5
-0.35553 21.8
-0.35529 23.0
-0.35504 24.2
-0.3548 25.4
-0.35455 26.5
-0.35431 27.6
-0.35406 28.6
-0.35382 29.5
-0.35358 30.4
-0.35333 31.3
-0.35309 32.0
-0.35284 32.8
-0.3526 33.4
-0.35236 34.0
-0.35211 34.5
-0.35187 35.0
-0.35162 35.4
-0.35138 35.7
-0.35114 36.0
-0.35089 36.2
-0.35065 36.3
-0.3504 36.4
-0.35016 36.4
-0.34991 36.3
-0.34967 36.2
-0.34943 35.9
-0.34918 35.6
-0.34894 35.3
-0.34869 34.9
-0.34845 34.4
-0.34821 33.8
-0.34796 33.2
-0.34772 32.5
-0.34747 31.7
-0.34723 30.9
-0.34698 30.1
-0.34674 29.1
-0.3465 28.1
-0.34625 27.1
-0.34601 26.0
-0.34576 24.9
-0.34552 23.7
-0.34528 22.4
-0.34503 21.1
-0.34479 19.8
-0.34454 18.4
-0.3443 17.0
-0.34406 15.6
-0.34381 14.1
-0.34357 12.7
-0.34332 11.1
-0.34308 9.6
-0.34283 8.0
-0.34259 6.5
-0.34235 4.9
-0.3421 3.3
-0.34186 1.6
-0.34161 0.0
-0.34137 -1.6
-0.34113 -3.2
-0.34088 -4.8
-0.34064 -6.4
-0.34039 -8.0
-0.34015 -9.6
-0.3399 -11.1
-0.33966 -12.6
-0.33942 -14.2
-0.33917 -15.6
-0.33893 -17.1
-0.33868 -18.5
-0.33844 -19.9
-0.3382 -21.2
-0.33795 -22.5
-0.33771 -23.8
-0.33746 -25.0
-0.33722 -26.2
-0.33698 -27.3
-0.33673 -28.4
-0.33649 -29.4
-0.33624 -30.3
-0.336 -31.2
-0.33575 -32.1
-0.33551 -32.8
-0.33527 -33.5
-0.33502 -34.2
-0.33478 -34.8
-0.33453 -35.3
-0.33429 -35.7
-0.33405 -36.1
-0.3338 -36.4
-0.33356 -36.6
-0.33331 -36.7
-0.33307 -36.8
-0.33282 -36.8
-0.33258 -36.7
-0.33234 -36.6
-0.33209 -36.4
-0.33185 -36.1
-0.3316 -35.7
-0.33136 -35.3
-0.33112 -34.8
-0.33087 -34.2
-0.33063 -33.6
-0.33038 -32.9
-0.33014 -32.1
-0.3299 -31.3
-0.32965 -30.4
-0.32941 -29.4
-0.32916 -28.4
-0.32892 -27.4
-0.32867 -26.2
-0.32843 -25.0
-0.32819 -23.8
-0.32794 -22.5
-0.3277 -21.2
-0.32745 -19.8
-0.32721 -18.4
-0.32697 -17.0
-0.32672 -15.5
-0.32648 -14.0
-0.32623 -12.4
-0.32599 -10.8
-0.32574 -9.3
-0.3255 -7.6
-0.32526 -6.0
-0.32501 -4.4
-0.32477 -2.7
-0.32452 -1.1
-0.32428 0.6
-0.32404 2.3
-0.32379 3.9
-0.32355 5.6
-0.3233 7.2
-0.32306 8.8
-0.32281 10.5
-0.32257 12.0
-0.32233 13.6
-0.32208 15.2
-0.32184 16.7
-0.32159 18.1
-0.32135 19.6
-0.32111 21.0
-0.32086 22.4
-0.32062 23.7
-0.32037 24.9
-0.32013 26.2
-0.31989 27.3
-0.31964 28.4
-0.3194 29.5
-0.31915 30.5
-0.31891 31.4
-0.31866 32.3
-0.31842 33.1
-0.31818 33.8
-0.31793 34.5
-0.31769 35.1
-0.31744 35.6
-0.3172 36.1
-0.31696 36.5
-0.31671 36.8
-0.31647 37.0
-0.31622 37.2
-0.31598 37.2
-0.31573 37.2
-0.31549 37.2
-0.31525 37.0
-0.315 36.8
-0.31476 36.5
-0.31451 36.1
-0.31427 35.7
-0.31403 35.2
-0.31378 34.6
-0.31354 33.9
-0.31329 33.1
-0.31305 32.3
-0.31281 31.5
-0.31256 30.5
-0.31232 29.5
-0.31207 28.5
-0.31183 27.3
-0.31158 26.1
-0.31134 24.9
-0.3111 23.6
-0.31085 22.3
-0.31061 20.9
-0.31036 19.5
-0.31012 18.0
-0.30988 16.5
-0.30963 14.9
-0.30939 13.4
-0.30914 11.7
-0.3089 10.1
-0.30865 8.5
-0.30841 6.8
-0.30817 5.1
-0.30792 3.4
-0.30768 1.7
-0.30743 0.0
-0.30719 -1.7
-0.30695 -3.4
-0.3067 -5.2
-0.30646 -6.8
-0.30621 -8.5
-0.30597 -10.2
-0.30573 -11.8
-0.30548 -13.5
-0.30524 -15.1
-0.30499 -16.6
-0.30475 -18.1
-0.3045 -19.6
-0.30426 -21.1
-0.30402 -22.5
-0.30377 -23.9
-0.30353 -25.2
-0.30328 -26.4
-0.30304 -27.6
-0.3028 -28.8
-0.30255 -29.9
-0.30231 -30.9
-0.30206 -31.9
-0.30182 -32.7
-0.30157 -33.6
-0.30133 -34.3
-0.30109 -35.0
-0.30084 -35.6
-0.3006 -36.2
-0.30035 -36.6
-0.30011 -37.0
-0.29987 -37.3
-0.29962 -37.5
-0.29938 -37.6
-0.29913 -37.7
-0.29889 -37.7
-0.29865 -37.6
-0.2984 -37.4
-0.29816 -37.2
-0.29791 -36.8
-0.29767 -36.4
-0.29742 -35.9
-0.29718 -35.3
-0.29694 -34.7
-0.29669 -34.0
-0.29645 -33.2
-0.2962 -32.3
-0.29596 -31.4
-0.29572 -30.4
-0.29547 -29.3
-0.29523 -28.1
-0.29498 -27.0
-0.29474 -25.7
-0.29449 -24.4
-0.29425 -23.0
-0.29401 -21.6
-0.29376 -20.1
-0.29352 -18.6
-0.29327 -17.1
-0.29303 -15.5
-0.29279 -13.9
-0.29254 -12.2
-0.2923 -10.6
-0.29205 -8.9
-0.29181 -7.1
-0.29156 -5.4
-0.29132 -3.6
-0.29108 -1.9
-0.29083 -0.1
-0.29059 1.7
-0.29034 3.4
-0.2901 5.2
-0.28986 6.9
-0.28961 8.7
-0.28937 10.4
-0.28912 12.1
-0.28888 13.8
-0.28864 15.4
-0.28839 17.0
-0.28815 18.6
-0.2879 20.1
-0.28766 21.6
-0.28741 23.1
-0.28717 24.4
-0.28693 25.8
-0.28668 27.1
-0.28644 28.3
-0.28619 29.5
-0.28595 30.6
-0.28571 31.6
-0.28546 32.6
-0.28522 33.5
-0.28497 34.3
-0.28473 35.1
-0.28448 35.7
-0.28424 36.3
-0.284 36.8
-0.28375 37.3
-0.28351 37.6
-0.28326 37.9
-0.28302 38.1
-0.28278 38.2
-0.28253 38.2
-0.28229 38.1
-0.28204 38.0
-0.2818 37.7
-0.28156 37.4
-0.28131 37.0
-0.28107 36.5
-0.28082 36.0
-0.28058 35.3
-0.28033 34.6
-0.28009 33.8
-0.27985 32.9
-0.2796 31.9
-0.27936 30.9
-0.27911 29.8
-0.27887 28.7
-0.27863 27.4
-0.27838 26.1
-0.27814 24.8
-0.27789 23.4
-0.27765 21.9
-0.2774 20.4
-0.27716 18.9
-0.27692 17.3
-0.27667 15.6
-0.27643 13.9
-0.27618 12.2
-0.27594 10.5
-0.2757 8.7
-0.27545 7.0
-0.27521 5.2
-0.27496 3.3
-0.27472 1.5
-0.27448 -0.3
-0.27423 -2.1
-0.27399 -4.0
-0.27374 -5.8
-0.2735 -7.6
-0.27325 -9.4
-0.27301 -11.1
-0.27277 -12.9
-0.27252 -14.6
-0.27228 -16.3
-0.27203 -17.9
-0.27179 -19.5
-0.27155 -21.1
-0.2713 -22.6
-0.27106 -24.1
-0.27081 -25.5
-0.27057 -26.9
-0.27032 -28.2
-0.27008 -29.4
-0.26984 -30.6
-0.26959 -31.7
-0.26935 -32.7
-0.2691 -33.6
-0.26886 -34.5
-0.26862 -35.3
-0.26837 -36.0
-0.26813 -36.7
-0.26788 -37.2
-0.26764 -37.7
-0.2674 -38.1
-0.26715 -38.4
-0.26691 -38.6
-0.26666 -38.7
-0.26642 -38.7
-0.26617 -38.6
-0.26593 -38.5
-0.26569 -38.3
-0.26544 -37.9
-0.2652 -37.5
-0.26495 -37.0
-0.26471 -36.4
-0.26447 -35.7
-0.26422 -35.0
-0.26398 -34.1
-0.26373 -33.2
-0.26349 -32.2
-0.26324 -31.2
-0.263 -30.0
-0.26276 -28.8
-0.26251 -27.5
-0.26227 -26.2
-0.26202 -24.8
-0.26178 -23.3
-0.26154 -21.8
-0.26129 -20.2
-0.26105 -18.6
-0.2608 -16.9
-0.26056 -15.2
-0.26031 -13.4
-0.26007 -11.7
-0.25983 -9.8
-0.25958 -8.0
-0.25934 -6.2
-0.25909 -4.3
-0.25885 -2.4
-0.25861 -0.5
-0.25836 1.4
-0.25812 3.3
-0.25787 5.1
-0.25763 7.0
-0.25739 8.9
-0.25714 10.7
-0.2569 12.5
-0.25665 14.3
-0.25641 16.1
-0.25616 17.8
-0.25592 19.4
-0.25568 21.1
-0.25543 22.7
-0.25519 24.2
-0.25494 25.7
-0.2547 27.1
-0.25446 28.4
-0.25421 29.7
-0.25397 30.9
-0.25372 32.0
-0.25348 33.1
-0.25323 34.1
-0.25299 35.0
-0.25275 35.8
-0.2525 36.6
-0.25226 37.2
-0.25201 37.8
-0.25177 38.3
-0.25153 38.6
-0.25128 38.9
-0.25104 39.1
-0.25079 39.2
-0.25055 39.2
-0.25031 39.1
-0.25006 39.0
-0.24982 38.7
-0.24957 38.3
-0.24933 37.9
-0.24908 37.3
-0.24884 36.7
-0.2486 35.9
-0.24835 35.1
-0.24811 34.2
-0.24786 33.2
-0.24762 32.2
-0.24738 31.0
-0.24713 29.8
-0.24689 28.5
-0.24664 27.1
-0.2464 25.7
-0.24615 24.2
-0.24591 22.6
-0.24567 21.0
-0.24542 19.3
-0.24518 17.6
-0.24493 15.9
-0.24469 14.1
-0.24445 12.2
-0.2442 10.4
-0.24396 8.5
-0.24371 6.6
-0.24347 4.6
-0.24323 2.7
-0.24298 0.7
-0.24274 -1.2
-0.24249 -3.2
-0.24225 -5.1
-0.242 -7.1
-0.24176 -9.0
-0.24152 -10.9
-0.24127 -12.8
-0.24103 -14.6
-0.24078 -16.4
-0.24054 -18.2
-0.2403 -19.9
-0.24005 -21.6
-0.23981 -23.3
-0.23956 -24.8
-0.23932 -26.3
-0.23907 -27.8
-0.23883 -29.2
-0.23859 -30.5
-0.23834 -31.7
-0.2381 -32.9
-0.23785 -33.9
-0.23761 -34.9
-0.23737 -35.8
-0.23712 -36.7
-0.23688 -37.4
-0.23663 -38.0
-0.23639 -38.6
-0.23615 -39.0
-0.2359 -39.4
-0.23566 -39.6
-0.23541 -39.8
-0.23517 -39.8
-0.23492 -39.8
-0.23468 -39.6
-0.23444 -39.4
-0.23419 -39.0
-0.23395 -38.6
-0.2337 -38.0
-0.23346 -37.4
-0.23322 -36.6
-0.23297 -35.8
-0.23273 -34.9
-0.23248 -33.9
-0.23224 -32.8
-0.23199 -31.6
-0.23175 -30.3
-0.23151 -29.0
-0.23126 -27.6
-0.23102 -26.1
-0.23077 -24.6
-0.23053 -22.9
-0.23029 -21.3
-0.23004 -19.5
-0.2298 -17.8
-0.22955 -15.9
-0.22931 -14.1
-0.22906 -12.1
-0.22882 -10.2
-0.22858 -8.2
-0.22833 -6.2
-0.22809 -4.2
-0.22784 -2.2
-0.2276 -0.2
-0.22736 1.8
-0.22711 3.9
-0.22687 5.9
-0.22662 7.9
-0.22638 9.9
-0.22614 11.8
-0.22589 13.8
-0.22565 15.7
-0.2254 17.5
-0.22516 19.4
-0.22491 21.1
-0.22467 22.9
-0.22443 24.5
-0.22418 26.1
-0.22394 27.6
-0.22369 29.1
-0.22345 30.5
-0.22321 31.8
-0.22296 33.0
-0.22272 34.2
-0.22247 35.2
-0.22223 36.2
-0.22198 37.1
-0.22174 37.8
-0.2215 38.5
-0.22125 39.1
-0.22101 39.6
-0.22076 39.9
-0.22052 40.2
-0.22028 40.3
-0.22003 40.4
-0.21979 40.4
-0.21954 40.2
-0.2193 39.9
-0.21906 39.6
-0.21881 39.1
-0.21857 38.5
-0.21832 37.8
-0.21808 37.1
-0.21783 36.2
-0.21759 35.2
-0.21735 34.1
-0.2171 33.0
-0.21686 31.7
-0.21661 30.4
-0.21637 29.0
-0.21613 27.5
-0.21588 25.9
-0.21564 24.3
-0.21539 22.6
-0.21515 20.8
-0.2149 19.0
-0.21466 17.1
-0.21442 15.2
-0.21417 13.2
-0.21393 11.2
-0.21368 9.2
-0.21344 7.1
-0.2132 5.1
-0.21295 3.0
-0.21271 0.9
-0.21246 -1.2
-0.21222 -3.4
-0.21198 -5.5
-0.21173 -7.5
-0.21149 -9.6
-0.21124 -11.7
-0.211 -13.7
-0.21075 -15.7
-0.21051 -17.6
-0.21027 -19.5
-0.21002 -21.3
-0.20978 -23.1
-0.20953 -24.9
-0.20929 -26.5
-0.20905 -28.1
-0.2088 -29.6
-0.20856 -31.1
-0.20831 -32.4
-0.20807 -33.7
-0.20782 -34.9
-0.20758 -35.9
-0.20734 -36.9
-0.20709 -37.8
-0.20685 -38.6
-0.2066 -39.3
-0.20636 -39.8
-0.20612 -40.3
-0.20587 -40.7
-0.20563 -40.9
-0.20538 -41.0
-0.20514 -41.0
-0.2049 -40.9
-0.20465 -40.7
-0.20441 -40.4
-0.20416 -40.0
-0.20392 -39.4
-0.20367 -38.8
-0.20343 -38.0
-0.20319 -37.1
-0.20294 -36.2
-0.2027 -35.1
-0.20245 -33.9
-0.20221 -32.6
-0.20197 -31.3
-0.20172 -29.8
-0.20148 -28.3
-0.20123 -26.7
-0.20099 -25.0
-0.20074 -23.2
-0.2005 -21.4
-0.20026 -19.5
-0.20001 -17.6
-0.19977 -15.6
-0.19952 -13.5
-0.19928 -11.4
-0.19904 -9.3
-0.19879 -7.2
-0.19855 -5.0
-0.1983 -2.8
-0.19806 -0.6
-0.19781 1.6
-0.19757 3.7
-0.19733 5.9
-0.19708 8.1
-0.19684 10.3
-0.19659 12.4
-0.19635 14.5
-0.19611 16.5
-0.19586 18.5
-0.19562 20.5
-0.19537 22.4
-0.19513 24.2
-0.19489 26.0
-0.19464 27.7
-0.1944 29.3
-0.19415 30.9
-0.19391 32.3
-0.19366 33.7
-0.19342 34.9
-0.19318 36.1
-0.19293 37.2
-0.19269 38.1
-0.19244 39.0
-0.1922 39.7
-0.19196 40.3
-0.19171 40.9
-0.19147 41.3
-0.19122 41.5
-0.19098 41.7
-0.19073 41.7
-0.19049 41.6
-0.19025 41.4
-0.19 41.1
-0.18976 40.6
-0.18951 40.1
-0.18927 39.4
-0.18903 38.6
-0.18878 37.7
-0.18854 36.7
-0.18829 35.5
-0.18805 34.3
-0.18781 33.0
-0.18756 31.5
-0.18732 30.0
-0.18707 28.4
-0.18683 26.7
-0.18658 24.9
-0.18634 23.1
-0.1861 21.1
-0.18585 19.1
-0.18561 17.1
-0.18536 15.0
-0.18512 12.8
-0.18488 10.7
-0.18463 8.4
-0.18439 6.2
-0.18414 3.9
-0.1839 1.6
-0.18365 -0.7
-0.18341 -3.0
-0.18317 -5.2
-0.18292 -7.5
-0.18268 -9.8
-0.18243 -12.0
-0.18219 -14.2
-0.18195 -16.3
-0.1817 -18.4
-0.18146 -20.5
-0.18121 -22.5
-0.18097 -24.4
-0.18073 -26.3
-0.18048 -28.0
-0.18024 -29.7
-0.17999 -31.4
-0.17975 -32.9
-0.1795 -34.3
-0.17926 -35.6
-0.17902 -36.8
-0.17877 -37.9
-0.17853 -38.9
-0.17828 -39.8
-0.17804 -40.5
-0.1778 -41.2
-0.17755 -41.7
-0.17731 -42.1
-0.17706 -42.3
-0.17682 -42.4
-0.17657 -42.4
-0.17633 -42.3
-0.17609 -42.0
-0.17584 -41.6
-0.1756 -41.1
-0.17535 -40.5
-0.17511 -39.7
-0.17487 -38.8
-0.17462 -37.8
-0.17438 -36.7
-0.17413 -35.4
-0.17389 -34.1
-0.17365 -32.6
-0.1734 -31.0
-0.17316 -29.4
-0.17291 -27.6
-0.17267 -25.8
-0.17242 -23.9
-0.17218 -21.9
-0.17194 -19.8
-0.17169 -17.7
-0.17145 -15.5
-0.1712 -13.2
-0.17096 -10.9
-0.17072 -8.6
-0.17047 -6.3
-0.17023 -3.9
-0.16998 -1.5
-0.16974 0.9
-0.16949 3.3
-0.16925 5.7
-0.16901 8.0
-0.16876 10.4
-0.16852 12.7
-0.16827 15.0
-0.16803 17.2
-0.16779 19.4
-0.16754 21.5
-0.1673 23.6
-0.16705 25.6
-0.16681 27.5
-0.16656 29.3
-0.16632 31.1
-0.16608 32.7
-0.16583 34.2
-0.16559 35.7
-0.16534 37.0
-0.1651 38.2
-0.16486 39.3
-0.16461 40.2
-0.16437 41.1
-0.16412 41.8
-0.16388 42.3
-0.16364 42.7
-0.16339 43.0
-0.16315 43.2
-0.1629 43.2
-0.16266 43.1
-0.16241 42.8
-0.16217 42.4
-0.16193 41.9
-0.16168 41.2
-0.16144 40.4
-0.16119 39.5
-0.16095 38.4
-0.16071 37.2
-0.16046 35.9
-0.16022 34.4
-0.15997 32.9
-0.15973 31.2
-0.15948 29.5
-0.15924 27.6
-0.159 25.7
-0.15875 23.6
-0.15851 21.5
-0.15826 19.3
-0.15802 17.0
-0.15778 14.7
-0.15753 12.4
-0.15729 9.9
-0.15704 7.5
-0.1568 5.0
-0.15656 2.5
-0.15631 0.0
-0.15607 -2.5
-0.15582 -5.0
-0.15558 -7.5
-0.15533 -10.0
-0.15509 -12.4
-0.15485 -14.8
-0.1546 -17.2
-0.15436 -19.5
-0.15411 -21.7
-0.15387 -23.9
-0.15363 -26.0
-0.15338 -28.0
-0.15314 -29.9
-0.15289 -31.7
-0.15265 -33.4
-0.1524 -35.0
-0.15216 -36.5
-0.15192 -37.9
-0.15167 -39.1
-0.15143 -40.2
-0.15118 -41.2
-0.15094 -42.0
-0.1507 -42.7
-0.15045 -43.3
-0.15021 -43.7
-0.14996 -43.9
-0.14972 -44.1
-0.14948 -44.0
-0.14923 -43.8
-0.14899 -43.5
-0.14874 -43.0
-0.1485 -42.3
-0.14825 -41.6
-0.14801 -40.6
-0.14777 -39.6
-0.14752 -38.3
-0.14728 -37.0
-0.14703 -35.5
-0.14679 -33.9
-0.14655 -32.2
-0.1463 -30.4
-0.14606 -28.5
-0.14581 -26.4
-0.14557 -24.3
-0.14532 -22.1
-0.14508 -19.8
-0.14484 -17.4
-0.14459 -15.0
-0.14435 -12.5
-0.1441 -9.9
-0.14386 -7.4
-0.14362 -4.7
-0.14337 -2.1
-0.14313 0.5
-0.14288 3.2
-0.14264 5.8
-0.1424 8.4
-0.14215 11.0
-0.14191 13.5
-0.14166 16.0
-0.14142 18.5
-0.14117 20.9
-0.14093 23.2
-0.14069 25.5
-0.14044 27.6
-0.1402 29.7
-0.13995 31.6
-0.13971 33.5
-0.13947 35.2
-0.13922 36.8
-0.13898 38.3
-0.13873 39.6
-0.13849 40.8
-0.13824 41.9
-0.138 42.8
-0.13776 43.5
-0.13751 44.1
-0.13727 44.6
-0.13702 44.8
-0.13678 45.0
-0.13654 44.9
-0.13629 44.7
-0.13605 44.3
-0.1358 43.8
-0.13556 43.1
-0.13531 42.2
-0.13507 41.2
-0.13483 40.1
-0.13458 38.8
-0.13434 37.3
-0.13409 35.7
-0.13385 34.0
-0.13361 32.1
-0.13336 30.2
-0.13312 28.1
-0.13287 25.9
-0.13263 23.6
-0.13239 21.2
-0.13214 18.7
-0.1319 16.2
-0.13165 13.6
-0.13141 10.9
-0.13116 8.2
-0.13092 5.5
-0.13068 2.7
-0.13043 0.0
-0.13019 -2.9
-0.12994 -5.6
-0.1297 -8.4
-0.12946 -11.1
-0.12921 -13.8
-0.12897 -16.4
-0.12872 -19.0
-0.12848 -21.6
-0.12823 -24.0
-0.12799 -26.3
-0.12775 -28.6
-0.1275 -30.8
-0.12726 -32.8
-0.12701 -34.7
-0.12677 -36.5
-0.12653 -38.1
-0.12628 -39.7
-0.12604 -41.0
-0.12579 -42.2
-0.12555 -43.3
-0.12531 -44.1
-0.12506 -44.8
-0.12482 -45.4
-0.12457 -45.7
-0.12433 -45.9
-0.12408 -45.9
-0.12384 -45.8
-0.1236 -45.4
-0.12335 -44.9
-0.12311 -44.2
-0.12286 -43.3
-0.12262 -42.3
-0.12238 -41.1
-0.12213 -39.7
-0.12189 -38.2
-0.12164 -36.5
-0.1214 -34.7
-0.12115 -32.7
-0.12091 -30.6
-0.12067 -28.4
-0.12042 -26.0
-0.12018 -23.6
-0.11993 -21.0
-0.11969 -18.4
-0.11945 -15.7
-0.1192 -12.9
-0.11896 -10.1
-0.11871 -7.2
-0.11847 -4.3
-0.11823 -1.4
-0.11798 1.6
-0.11774 4.5
-0.11749 7.4
-0.11725 10.3
-0.117 13.2
-0.11676 16.0
-0.11652 18.8
-0.11627 21.5
-0.11603 24.1
-0.11578 26.6
-0.11554 29.0
-0.1153 31.3
-0.11505 33.4
-0.11481 35.5
-0.11456 37.4
-0.11432 39.1
-0.11407 40.7
-0.11383 42.1
-0.11359 43.4
-0.11334 44.4
-0.1131 45.3
-0.11285 46.0
-0.11261 46.6
-0.11237 46.9
-0.11212 47.0
-0.11188 47.0
-0.11163 46.7
-0.11139 46.3
-0.11115 45.6
-0.1109 44.8
-0.11066 43.8
-0.11041 42.5
-0.11017 41.2
-0.10992 39.6
-0.10968 37.8
-0.10944 36.0
-0.10919 33.9
-0.10895 31.7
-0.1087 29.4
-0.10846 26.9
-0.10822 24.3
-0.10797 21.6
-0.10773 18.8
-0.10748 15.9
-0.10724 13.0
-0.10699 10.0
-0.10675 6.9
-0.10651 3.8
-0.10626 0.7
-0.10602 -2.4
-0.10577 -5.5
-0.10553 -8.6
-0.10529 -11.7
-0.10504 -14.7
-0.1048 -17.7
-0.10455 -20.6
-0.10431 -23.4
-0.10406 -26.1
-0.10382 -28.7
-0.10358 -31.2
-0.10333 -33.6
-0.10309 -35.8
-0.10284 -37.8
-0.1026 -39.7
-0.10236 -41.4
-0.10211 -43.0
-0.10187 -44.3
-0.10162 -45.5
-0.10138 -46.5
-0.10114 -47.2
-0.10089 -47.8
-0.10065 -48.1
-0.1004 -48.2
-0.10016 -48.1
-0.09991 -47.8
-0.09967 -47.3
-0.09943 -46.6
-0.09918 -45.6
-0.09894 -44.4
-0.09869 -43.1
-0.09845 -41.5
-0.09821 -39.8
-0.09796 -37.8
-0.09772 -35.7
-0.09747 -33.4
-0.09723 -31.0
-0.09698 -28.4
-0.09674 -25.7
-0.0965 -22.9
-0.09625 -19.9
-0.09601 -16.9
-0.09576 -13.7
-0.09552 -10.5
-0.09528 -7.3
-0.09503 -4.0
-0.09479 -0.6
-0.09454 2.7
-0.0943 6.0
-0.09406 9.3
-0.09381 12.6
-0.09357 15.8
-0.09332 19.0
-0.09308 22.0
-0.09283 25.0
-0.09259 27.9
-0.09235 30.6
-0.0921 33.2
-0.09186 35.6
-0.09161 37.9
-0.09137 40.0
-0.09113 41.9
-0.09088 43.6
-0.09064 45.2
-0.09039 46.5
-0.09015 47.5
-0.0899 48.4
-0.08966 49.0
-0.08942 49.4
-0.08917 49.5
-0.08893 49.4
-0.08868 49.1
-0.08844 48.5
-0.0882 47.7
-0.08795 46.7
-0.08771 45.4
-0.08746 43.9
-0.08722 42.2
-0.08698 40.2
-0.08673 38.1
-0.08649 35.8
-0.08624 33.2
-0.086 30.6
-0.08575 27.7
-0.08551 24.7
-0.08527 21.6
-0.08502 18.4
-0.08478 15.0
-0.08453 11.6
-0.08429 8.1
-0.08405 4.6
-0.0838 1.0
-0.08356 -2.5
-0.08331 -6.1
-0.08307 -9.7
-0.08282 -13.2
-0.08258 -16.6
-0.08234 -20.0
-0.08209 -23.3
-0.08185 -26.5
-0.0816 -29.5
-0.08136 -32.4
-0.08112 -35.1
-0.08087 -37.7
-0.08063 -40.0
-0.08038 -42.2
-0.08014 -44.2
-0.0799 -45.9
-0.07965 -47.4
-0.07941 -48.6
-0.07916 -49.6
-0.07892 -50.3
-0.07867 -50.8
-0.07843 -51.0
-0.07819 -51.0
-0.07794 -50.6
-0.0777 -50.0
-0.07745 -49.1
-0.07721 -48.0
-0.07697 -46.6
-0.07672 -44.9
-0.07648 -43.0
-0.07623 -40.9
-0.07599 -38.5
-0.07574 -35.9
-0.0755 -33.1
-0.07526 -30.2
-0.07501 -27.0
-0.07477 -23.7
-0.07452 -20.3
-0.07428 -16.7
-0.07404 -13.1
-0.07379 -9.3
-0.07355 -5.5
-0.0733 -1.7
-0.07306 2.2
-0.07281 6.0
-0.07257 9.9
-0.07233 13.7
-0.07208 17.4
-0.07184 21.0
-0.07159 24.6
-0.07135 28.0
-0.07111 31.2
-0.07086 34.3
-0.07062 37.2
-0.07037 39.9
-0.07013 42.4
-0.06989 44.6
-0.06964 46.6
-0.0694 48.3
-0.06915 49.8
-0.06891 51.0
-0.06866 51.8
-0.06842 52.4
-0.06818 52.7
-0.06793 52.7
-0.06769 52.3
-0.06744 51.7
-0.0672 50.7
-0.06696 49.4
-0.06671 47.9
-0.06647 46.0
-0.06622 43.9
-0.06598 41.5
-0.06573 38.9
-0.06549 36.0
-0.06525 32.9
-0.065 29.6
-0.06476 26.1
-0.06451 22.4
-0.06427 18.6
-0.06403 14.6
-0.06378 10.6
-0.06354 6.4
-0.06329 2.3
-0.06305 -1.9
-0.06281 -6.1
-0.06256 -10.3
-0.06232 -14.5
-0.06207 -18.5
-0.06183 -22.5
-0.06158 -26.3
-0.06134 -30.0
-0.0611 -33.5
-0.06085 -36.8
-0.06061 -39.8
-0.06036 -42.7
-0.06012 -45.2
-0.05988 -47.5
-0.05963 -49.5
-0.05939 -51.2
-0.05914 -52.6
-0.0589 -53.6
-0.05865 -54.3
-0.05841 -54.6
-0.05817 -54.6
-0.05792 -54.2
-0.05768 -53.5
-0.05743 -52.4
-0.05719 -51.0
-0.05695 -49.2
-0.0567 -47.1
-0.05646 -44.6
-0.05621 -41.9
-0.05597 -38.9
-0.05573 -35.6
-0.05548 -32.0
-0.05524 -28.3
-0.05499 -24.3
-0.05475 -20.1
-0.0545 -15.8
-0.05426 -11.4
-0.05402 -6.9
-0.05377 -2.3
-0.05353 2.3
-0.05328 7.0
-0.05304 11.6
-0.0528 16.1
-0.05255 20.5
-0.05231 24.8
-0.05206 29.0
-0.05182 33.0
-0.05157 36.7
-0.05133 40.2
-0.05109 43.4
-0.05084 46.4
-0.0506 49.0
-0.05035 51.2
-0.05011 53.1
-0.04987 54.7
-0.04962 55.8
-0.04938 56.5
-0.04913 56.9
-0.04889 56.8
-0.04865 56.3
-0.0484 55.3
-0.04816 54.0
-0.04791 52.2
-0.04767 50.1
-0.04742 47.6
-0.04718 44.7
-0.04694 41.4
-0.04669 37.8
-0.04645 34.0
-0.0462 29.8
-0.04596 25.4
-0.04572 20.8
-0.04547 16.0
-0.04523 11.0
-0.04498 6.0
-0.04474 0.8
-0.04449 -4.3
-0.04425 -9.4
-0.04401 -14.5
-0.04376 -19.5
-0.04352 -24.4
-0.04327 -29.1
-0.04303 -33.6
-0.04279 -37.8
-0.04254 -41.8
-0.0423 -45.4
-0.04205 -48.7
-0.04181 -51.5
-0.04156 -54.0
-0.04132 -56.1
-0.04108 -57.7
-0.04083 -58.8
-0.04059 -59.4
-0.04034 -59.5
-0.0401 -59.2
-0.03986 -58.3
-0.03961 -56.9
-0.03937 -55.1
-0.03912 -52.7
-0.03888 -49.9
-0.03864 -46.6
-0.03839 -43.0
-0.03815 -38.9
-0.0379 -34.4
-0.03766 -29.7
-0.03741 -24.6
-0.03717 -19.3
-0.03693 -13.8
-0.03668 -8.1
-0.03644 -2.4
-0.03619 3.5
-0.03595 9.3
-0.03571 15.1
-0.03546 20.7
-0.03522 26.2
-0.03497 31.5
-0.03473 36.6
-0.03448 41.3
-0.03424 45.6
-0.034 49.6
-0.03375 53.1
-0.03351 56.1
-0.03326 58.6
-0.03302 60.5
-0.03278 61.9
-0.03253 62.6
-0.03229 62.8
-0.03204 62.3
-0.0318 61.2
-0.03156 59.5
-0.03131 57.2
-0.03107 54.2
-0.03082 50.7
-0.03058 46.7
-0.03033 42.2
-0.03009 37.2
-0.02985 31.7
-0.0296 25.9
-0.02936 19.8
-0.02911 13.4
-0.02887 6.9
-0.02863 0.2
-0.02838 -6.5
-0.02814 -13.3
-0.02789 -19.9
-0.02765 -26.3
-0.0274 -32.5
-0.02716 -38.4
-0.02692 -43.9
-0.02667 -48.9
-0.02643 -53.5
-0.02618 -57.4
-0.02594 -60.7
-0.0257 -63.4
-0.02545 -65.3
-0.02521 -66.4
-0.02496 -66.8
-0.02472 -66.4
-0.02448 -65.2
-0.02423 -63.2
-0.02399 -60.4
-0.02374 -56.8
-0.0235 -52.5
-0.02325 -47.5
-0.02301 -41.9
-0.02277 -35.7
-0.02252 -28.9
-0.02228 -21.8
-0.02203 -14.2
-0.02179 -6.5
-0.02155 1.5
-0.0213 9.5
-0.02106 17.4
-0.02081 25.2
-0.02057 32.7
-0.02032 39.9
-0.02008 46.5
-0.01984 52.6
-0.01959 58.0
-0.01935 62.7
-0.0191 66.4
-0.01886 69.3
-0.01862 71.1
-0.01837 72.0
-0.01813 71.7
-0.01788 70.4
-0.01764 68.0
-0.0174 64.5
-0.01715 59.9
-0.01691 54.4
-0.01666 47.9
-0.01642 40.5
-0.01617 32.4
-0.01593 23.7
-0.01569 14.5
-0.01544 4.9
-0.0152 -4.9
-0.01495 -14.8
-0.01471 -24.5
-0.01447 -34.0
-0.01422 -43.0
-0.01398 -51.3
-0.01373 -58.8
-0.01349 -65.3
-0.01324 -70.7
-0.013 -74.8
-0.01276 -77.5
-0.01251 -78.8
-0.01227 -78.5
-0.01202 -76.6
-0.01178 -73.1
-0.01154 -68.0
-0.01129 -61.4
-0.01105 -53.4
-0.0108 -44.0
-0.01056 -33.5
-0.01031 -22.1
-0.01007 -9.9
-0.00983 2.8
-0.00958 15.6
-0.00934 28.4
-0.00909 40.7
-0.00885 52.2
-0.00861 62.6
-0.00836 71.6
-0.00812 79.0
-0.00787 84.3
-0.00763 87.4
-0.00739 88.1
-0.00714 86.3
-0.0069 81.8
-0.00665 74.8
-0.00641 65.2
-0.00616 53.2
-0.00592 39.2
-0.00568 23.5
-0.00543 6.4
-0.00519 -11.3
-0.00494 -29.2
-0.0047 -46.6
-0.00446 -62.7
-0.00421 -76.8
-0.00397 -88.2
-0.00372 -96.3
-0.00348 -100.3
-0.00323 -99.9
-0.00299 -94.7
-0.00275 -84.5
-0.0025 -69.6
-0.00226 -50.3
-0.00201 -27.2
-0.00177 -1.5
-0.00153 25.4
-0.00128 52.0
-0.00104 76.3
-0.00079 96.0
-0.00055 109.0
-0.00031 113.2
-6e-05 106.8
0.00018 89.4
0.00043 61.7
0.00067 26.3
0.00092 -12.9
0.00116 -50.4
0.0014 -80.7
0.00165 -98.6
0.00189 -101.1
0.00214 -87.6
0.00238 -60.6
0.00262 -25.1
0.00287 12.1
0.00311 44.1
0.00336 65.3
0.0036 72.4
0.00385 65.2
0.00409 46.4
0.00433 20.8
0.00458 -5.8
0.00482 -27.9
0.00507 -41.6
0.00531 -45.1
0.00555 -38.9
0.0058 -25.6
0.00604 -8.7
0.00629 7.7
0.00653 20.1
0.00677 26.5
0.00702 26.4
0.00726 20.6
0.00751 11.2
0.00775 0.8
0.008 -8.4
0.00824 -14.4
0.00848 -16.4
0.00873 -14.6
0.00897 -9.8
0.00922 -3.5
0.00946 2.6
0.0097 7.3
0.00995 9.7
0.01019 9.7
0.01044 7.5
0.01068 4.0
0.01093 0.0
0.01117 -3.3
0.01141 -5.5
0.01166 -6.1
0.0119 -5.3
0.01215 -3.5
0.01239 -1.1
0.01263 1.2
0.01288 2.9
0.01312 3.7
0.01337 3.6
0.01361 2.7
0.01385 1.3
0.0141 -0.1
0.01434 -1.3
0.01459 -2.1
0.01483 -2.3
0.01508 -1.9
0.01532 -1.2
0.01556 -0.3
0.01581 0.5
0.01605 1.1
0.0163 1.4
0.01654 1.3
0.01678 1.0
0.01703 0.4
0.01727 -0.1
0.01752 -0.5
0.01776 -0.8
0.01801 -0.9
0.01825 -0.7
0.01849 -0.4
0.01874 0.0
0.01898 0.2
0.01923 0.4
0.01947 0.5
0.01971 0.5
0.01996 0.3
0.0202 0.1
0.02045 0.0
0.02069 -0.2
0.02094 -0.3
0.02118 -0.3
0.02142 -0.3
0.02167 -0.1
0.02191 0.0
0.02216 0.0
0.0224 0.2
0.02264 0.2
0.02289 0.2
0.02313 0.1
0.02338 0.0
0.02362 0.0
0.02386 0.0
0.02411 -0.1
0.02435 -0.1
0.0246 0.0
0.02484 0.0
0.02509 0.0
0.02533 0.0
0.02557 0.0
0.02582 0.0
0.02606 0.0
0.02631 0.0
0.02655 0.0
0.02679 0.0
0.02704 0.0
0.02728 0.0
0.02753 0.0
0.02777 0.0
0.02802 0.0
0.02826 0.0
0.0285 0.0
0.02875 0.0
0.02899 0.0
0.02924 0.0
0.02948 0.0
0.02972 0.0
0.02997 0.0
0.03021 0.0
0.03046 0.0
0.0307 0.0
0.03094 0.0
0.03119 0.0
0.03143 0.0
0.03168 0.0
0.03192 0.0
0.03217 0.0
0.03241 0.0
0.03265 0.0
0.0329 0.0
0.03314 0.0
0.03339 0.0
0.03363 0.0
0.03387 0.0
0.03412 0.0
0.03436 0.0
0.03461 0.0
0.03485 0.0
0.0351 0.0
0.03534 0.0
0.03558 0.0
0.03583 0.0
0.03607 0.0
0.03632 0.0
0.03656 0.0
0.0368 0.0
0.03705 0.0
0.03729 0.0
0.03754 0.0
0.03778 0.0
0.03802 0.0
0.03827 0.0
0.03851 0.0
0.03876 0.0
0.039 0.0
0.03925 0.0
0.03949 0.0
0.03973 0.0
0.03998 0.0
0.04022 0.0
0.04047 0.0
0.04071 0.0
0.04095 0.0
0.0412 0.0
0.04144 0.0
0.04169 0.0
0.04193 0.0
0.04218 0.0
0.04242 0.0
0.04266 0.0
0.04291 0.0
0.04315 0.0
0.0434 0.0
0.04364 0.0
0.04388 0.0
0.04413 0.0
0.04437 0.0
0.04462 0.0
0.04486 0.0
0.0451 0.0
0.04535 0.0
0.04559 0.0
0.04584 0.0
0.04608 0.0
0.04633 0.0
0.04657 0.0
0.04681 0.0
0.04706 0.0
0.0473 0.0
0.04755 0.0
0.04779 0.0
0.04803 0.0
0.04828 0.0
0.04852 0.0
0.04877 0.0
0.04901 0.0
0.04926 0.0
0.0495 0.0
0.04974 0.0
0.04999 0.0
0.05023 0.0
0.05048 0.0
0.05072 0.0
0.05096 0.0
0.05121 0.0
0.05145 0.0
0.0517 0.0
0.05194 0.0
0.05219 0.0
0.05243 0.0
0.05267 0.0
0.05292 0.0
0.05316 0.0
0.05341 0.0
0.05365 0.0
0.05389 0.0
0.05414 0.0
0.05438 0.0
0.05463 0.0
0.05487 0.0
0.05511 0.0
0.05536 0.0
0.0556 0.0
0.05585 0.0
0.05609 0.0
0.05634 0.0
0.05658 0.0
0.05682 0.0
0.05707 0.0
0.05731 0.0
0.05756 0.0
0.0578 0.0
0.05804 0.0
0.05829 0.0
0.05853 0.0
0.05878 0.0
0.05902 0.0
0.05927 0.0
0.05951 0.0
0.05975 0.0
0.06 0.0
0.06024 0.0
0.06049 0.0
0.06073 0.0
0.06097 0.0
0.06122 0.0
0.06146 0.0
0.06171 0.0
0.06195 0.0
0.06219 0.0
0.06244 0.0
0.06268 0.0
0.06293 0.0
0.06317 0.0
0.06342 0.0
0.06366 0.0
0.0639 0.0
0.06415 0.0
0.06439 0.0
0.06464 0.0
0.06488 0.0
0.06512 0.0
0.06537 0.0
0.06561 0.0
0.06586 0.0
0.0661 0.0
0.06635 0.0
0.06659 0.0
0.06683 0.0
0.06708 0.0
0.06732 0.0
0.06757 0.0
0.06781 0.0
0.06805 0.0
0.0683 0.0
0.06854 0.0
0.06879 0.0
0.06903 0.0
0.06927 0.0
0.06952 0.0
0.06976 0.0
0.07001 0.0
0.07025 0.0
0.0705 0.0
0.07074 0.0
0.07098 0.0
0.07123 0.0
0.07147 0.0
0.07172 0.0
0.07196 0.0
0.0722 0.0
0.07245 0.0
0.07269 0.0
0.07294 0.0
0.07318 0.0
0.07343 0.0
0.07367 0.0
0.07391 0.0
0.07416 0.0
0.0744 0.0
0.07465 0.0
0.07489 0.0
0.07513 0.0
0.07538 0.0
0.07562 0.0
0.07587 0.0
0.07611 0.0
0.07635 0.0
0.0766 0.0
0.07684 0.0
0.07709 0.0
0.07733 0.0
0.07758 0.0
0.07782 0.0
0.07806 0.0
0.07831 0.0
0.07855 0.0
0.0788 0.0
0.07904 0.0
0.07928 0.0
0.07953 0.0
0.07977 0.0
0.08002 0.0
0.08026 0.0
0.08051 0.0
0.08075 0.0
0.08099 0.0
0.08124 0.0
0.08148 0.0
0.08173 0.0
0.08197 0.0
0.08221 0.0
0.08246 0.0
0.0827 0.0
0.08295 0.0
0.08319 0.0
0.08344 0.0
0.08368 0.0
0.08392 0.0
0.08417 0.0
0.08441 0.0
0.08466 0.0
0.0849 0.0
0.08514 0.0
0.08539 0.0
0.08563 0.0
0.08588 0.0
0.08612 0.0
0.08636 0.0
0.08661 0.0
0.08685 0.0
0.0871 0.0
0.08734 0.0
0.08759 0.0
0.08783 0.0
0.08807 0.0
0.08832 0.0
0.08856 0.0
0.08881 0.0
0.08905 0.0
0.08929 0.0
0.08954 0.0
0.08978 0.0
0.09003 0.0
0.09027 0.0
0.09052 0.0
0.09076 0.0
0.091 0.0
0.09125 0.0
0.09149 0.0
0.09174 0.0
0.09198 0.0
0.09222 0.0
0.09247 0.0
0.09271 0.0
0.09296 0.0
0.0932 0.0
0.09344 0.0
0.09369 0.0
0.09393 0.0
0.09418 0.0
0.09442 0.0
0.09467 0.0
0.09491 0.0
0.09515 0.0
0.0954 0.0
0.09564 0.0
0.09589 0.0
0.09613 0.0
0.09637 0.0
0.09662 0.0
0.09686 0.0
0.09711 0.0
0.09735 0.0
0.0976 0.0
0.09784 0.0
0.09808 0.0
0.09833 0.0
0.09857 0.0
0.09882 0.0
0.09906 0.0
0.0993 0.0
0.09955 0.0
0.09979 0.0
0.10004 0.0
0.10028 0.0
0.10052 0.0
0.10077 0.0
0.10101 0.0
0.10126 0.0
0.1015 0.0
0.10175 0.0
0.10199 0.0
0.10223 0.0
0.10248 0.0
0.10272 0.0
0.10297 0.0
0.10321 0.0
0.10345 0.0
0.1037 0.0
0.10394 0.0
0.10419 0.0
0.10443 0.0
0.10468 0.0
0.10492 0.0
0.10516 0.0
0.10541 0.0
0.10565 0.0
0.1059 0.0
0.10614 0.0
0.10638 0.0
0.10663 0.0
0.10687 0.0
0.10712 0.0
0.10736 0.0
0.1076 0.0
0.10785 0.0
0.10809 0.0
0.10834 0.0
0.10858 0.0
0.10883 0.0
0.10907 0.0
0.10931 0.0
0.10956 0.0
0.1098 0.0
0.11005 0.0
0.11029 0.0
0.11053 0.0
0.11078 0.0
0.11102 0.0
0.11127 0.0
0.11151 0.0
0.11176 0.0
0.112 0.0
0.11224 0.0
0.11249 0.0
0.11273 0.0
0.11298 0.0
0.11322 0.0
0.11346 0.0
0.11371 0.0
0.11395 0.0
0.1142 0.0
0.11444 0.0
0.11469 0.0
0.11493 0.0
0.11517 0.0
0.11542 0.0
0.11566 0.0
0.11591 0.0
0.11615 0.0
0.11639 0.0
0.11664 0.0
0.11688 0.0
0.11713 0.0
0.11737 0.0
0.11761 0.0
0.11786 0.0
0.1181 0.0
0.11835 0.0
0.11859 0.0
0.11884 0.0
0.11908 0.0
0.11932 0.0
0.11957 0.0
0.11981 0.0
0.12006 0.0
0.1203 0.0
0.12054 0.0
0.12079 0.0
0.12103 0.0
0.12128 0.0
0.12152 0.0
0.12177 0.0
0.12201 0.0
0.12225 0.0
0.1225 0.0
0.12274 0.0
0.12299 0.0
0.12323 0.0
0.12347 0.0
0.12372 0.0
0.12396 0.0
0.12421 0.0
0.12445 0.0
0.12469 0.0
0.12494 0.0
0.12518 0.0
0.12543 0.0
0.12567 0.0
0.12592 0.0
0.12616 0.0
0.1264 0.0
0.12665 0.0
0.12689 0.0
0.12714 0.0
0.12738 0.0
0.12762 0.0
0.12787 0.0
0.12811 0.0
0.12836 0.0
0.1286 0.0
0.12885 0.0
0.12909 0.0
0.12933 0.0
